地名,センター,燃やせるごみ,枝・葉・草,燃やせないごみ,容器プラ,雑がみ,びん・缶・ペット
中央区 南4条西7丁目・8丁目（南4条通の南側のみ）,札幌センター1,月 木,20140924 20141022 20141119 20150513 20150610 20150708 20150805 20150902 20150930,20140910 20141008 20141105 20141203 20150107 20150204 20150304 20150401 20150429 20150527 20150624 20150722 20150819 20150916,金,20140903 20140917 20141001 20141015 20141029 20141112 20141126 20141210 20141224 20150114 20150128 20150211 20150225 20150311 20150325 20150408 20150422 20150506 20150520 20150603 20150617 20150701 20150715 20150729 20150812 20150826 20150909 20150923,火
中央区 南5条～8条の西7丁目・8丁目,札幌センター1,月 木,20140924 20141022 20141119 20150513 20150610 20150708 20150805 20150902 20150930,20140910 20141008 20141105 20141203 20150107 20150204 20150304 20150401 20150429 20150527 20150624 20150722 20150819 20150916,金,20140903 20140917 20141001 20141015 20141029 20141112 20141126 20141210 20141224 20150114 20150128 20150211 20150225 20150311 20150325 20150408 20150422 20150506 20150520 20150603 20150617 20150701 20150715 20150729 20150812 20150826 20150909 20150923,火
中央区 南9条西4丁目～6丁目（南9条通の南側のみ）,札幌センター1,月 木,20140924 20141022 20141119 20150513 20150610 20150708 20150805 20150902 20150930,20140910 20141008 20141105 20141203 20150107 20150204 20150304 20150401 20150429 20150527 20150624 20150722 20150819 20150916,金,20140903 20140917 20141001 20141015 20141029 20141112 20141126 20141210 20141224 20150114 20150128 20150211 20150225 20150311 20150325 20150408 20150422 20150506 20150520 20150603 20150617 20150701 20150715 20150729 20150812 20150826 20150909 20150923,火
中央区 南9条西7丁目～12丁目,札幌センター1,月 木,20140924 20141022 20141119 20150513 20150610 20150708 20150805 20150902 20150930,20140910 20141008 20141105 20141203 20150107 20150204 20150304 20150401 20150429 20150527 20150624 20150722 20150819 20150916,金,20140903 20140917 20141001 20141015 20141029 20141112 20141126 20141210 20141224 20150114 20150128 20150211 20150225 20150311 20150325 20150408 20150422 20150506 20150520 20150603 20150617 20150701 20150715 20150729 20150812 20150826 20150909 20150923,火
中央区 南10条～13条の西5丁目～12丁目,札幌センター1,月 木,20140924 20141022 20141119 20150513 20150610 20150708 20150805 20150902 20150930,20140910 20141008 20141105 20141203 20150107 20150204 20150304 20150401 20150429 20150527 20150624 20150722 20150819 20150916,金,20140903 20140917 20141001 20141015 20141029 20141112 20141126 20141210 20141224 20150114 20150128 20150211 20150225 20150311 20150325 20150408 20150422 20150506 20150520 20150603 20150617 20150701 20150715 20150729 20150812 20150826 20150909 20150923,火
中央区 南14条西5丁目,札幌センター1,月 木,20140924 20141022 20141119 20150513 20150610 20150708 20150805 20150902 20150930,20140910 20141008 20141105 20141203 20150107 20150204 20150304 20150401 20150429 20150527 20150624 20150722 20150819 20150916,金,20140903 20140917 20141001 20141015 20141029 20141112 20141126 20141210 20141224 20150114 20150128 20150211 20150225 20150311 20150325 20150408 20150422 20150506 20150520 20150603 20150617 20150701 20150715 20150729 20150812 20150826 20150909 20150923,火
中央区 南14条西6丁目～12丁目（行啓通の北側のみ）,札幌センター1,月 木,20140924 20141022 20141119 20150513 20150610 20150708 20150805 20150902 20150930,20140910 20141008 20141105 20141203 20150107 20150204 20150304 20150401 20150429 20150527 20150624 20150722 20150819 20150916,金,20140903 20140917 20141001 20141015 20141029 20141112 20141126 20141210 20141224 20150114 20150128 20150211 20150225 20150311 20150325 20150408 20150422 20150506 20150520 20150603 20150617 20150701 20150715 20150729 20150812 20150826 20150909 20150923,火
中央区 南14条西6丁目～12丁目（行啓通の南側のみ）,札幌センター1,月 木,20140923 20141021 20141118 20150512 20150609 20150707 20150804 20150901 20150929,20140909 20141007 20141104 20141202 20141230 20150203 20150303 20150331 20150428 20150526 20150623 20150721 20150818 20150915,水,20140902 20140916 20140930 20141014 20141028 20141111 20141125 20141209 20141223 20150113 20150127 20150210 20150224 20150310 20150324 20150407 20150421 20150505 20150519 20150602 20150616 20150630 20150714 20150728 20150811 20150825 20150908 20150922,金
中央区 南15条西4丁目～12丁目,札幌センター1,月 木,20140923 20141021 20141118 20150512 20150609 20150707 20150804 20150901 20150929,20140909 20141007 20141104 20141202 20141230 20150203 20150303 20150331 20150428 20150526 20150623 20150721 20150818 20150915,水,20140902 20140916 20140930 20141014 20141028 20141111 20141125 20141209 20141223 20150113 20150127 20150210 20150224 20150310 20150324 20150407 20150421 20150505 20150519 20150602 20150616 20150630 20150714 20150728 20150811 20150825 20150908 20150922,金
中央区 南16条西1丁目～12丁目,札幌センター1,月 木,20140923 20141021 20141118 20150512 20150609 20150707 20150804 20150901 20150929,20140909 20141007 20141104 20141202 20141230 20150203 20150303 20150331 20150428 20150526 20150623 20150721 20150818 20150915,水,20140902 20140916 20140930 20141014 20141028 20141111 20141125 20141209 20141223 20150113 20150127 20150210 20150224 20150310 20150324 20150407 20150421 20150505 20150519 20150602 20150616 20150630 20150714 20150728 20150811 20150825 20150908 20150922,金
中央区 南17条西4丁目～15丁目,札幌センター1,月 木,20140923 20141021 20141118 20150512 20150609 20150707 20150804 20150901 20150929,20140909 20141007 20141104 20141202 20141230 20150203 20150303 20150331 20150428 20150526 20150623 20150721 20150818 20150915,水,20140902 20140916 20140930 20141014 20141028 20141111 20141125 20141209 20141223 20150113 20150127 20150210 20150224 20150310 20150324 20150407 20150421 20150505 20150519 20150602 20150616 20150630 20150714 20150728 20150811 20150825 20150908 20150922,金
中央区 南17条西16・17丁目（南17条通の南側のみ）,札幌センター1,月 木,20140923 20141021 20141118 20150512 20150609 20150707 20150804 20150901 20150929,20140909 20141007 20141104 20141202 20141230 20150203 20150303 20150331 20150428 20150526 20150623 20150721 20150818 20150915,水,20140902 20140916 20140930 20141014 20141028 20141111 20141125 20141209 20141223 20150113 20150127 20150210 20150224 20150310 20150324 20150407 20150421 20150505 20150519 20150602 20150616 20150630 20150714 20150728 20150811 20150825 20150908 20150922,金
中央区 南18条～30条の西○丁目,札幌センター1,月 木,20140923 20141021 20141118 20150512 20150609 20150707 20150804 20150901 20150929,20140909 20141007 20141104 20141202 20141230 20150203 20150303 20150331 20150428 20150526 20150623 20150721 20150818 20150915,水,20140902 20140916 20140930 20141014 20141028 20141111 20141125 20141209 20141223 20150113 20150127 20150210 20150224 20150310 20150324 20150407 20150421 20150505 20150519 20150602 20150616 20150630 20150714 20150728 20150811 20150825 20150908 20150922,金
中央区 南3条西11丁目・12丁目（南3条通の南側のみ）,札幌センター1,月 木,20140926 20141024 20141121 20150515 20150612 20150710 20150807 20150904,20140912 20141010 20141107 20141205 20150109 20150206 20150306 20150403 20150501 20150529 20150626 20150724 20150821 20150918,火,20140905 20140919 20141003 20141017 20141031 20141114 20141128 20141212 20141226 20150116 20150130 20150213 20150227 20150313 20150327 20150410 20150424 20150508 20150522 20150605 20150619 20150703 20150717 20150731 20150814 20150828 20150911 20150925,水
中央区 南4条西9丁目・10丁目（南4条通の南側のみ）,札幌センター1,月 木,20140926 20141024 20141121 20150515 20150612 20150710 20150807 20150904,20140912 20141010 20141107 20141205 20150109 20150206 20150306 20150403 20150501 20150529 20150626 20150724 20150821 20150918,火,20140905 20140919 20141003 20141017 20141031 20141114 20141128 20141212 20141226 20150116 20150130 20150213 20150227 20150313 20150327 20150410 20150424 20150508 20150522 20150605 20150619 20150703 20150717 20150731 20150814 20150828 20150911 20150925,水
中央区 南4条西11丁目～27丁目,札幌センター1,月 木,20140926 20141024 20141121 20150515 20150612 20150710 20150807 20150904,20140912 20141010 20141107 20141205 20150109 20150206 20150306 20150403 20150501 20150529 20150626 20150724 20150821 20150918,火,20140905 20140919 20141003 20141017 20141031 20141114 20141128 20141212 20141226 20150116 20150130 20150213 20150227 20150313 20150327 20150410 20150424 20150508 20150522 20150605 20150619 20150703 20150717 20150731 20150814 20150828 20150911 20150925,水
中央区 南5条～8条の西9丁目～27丁目,札幌センター1,月 木,20140926 20141024 20141121 20150515 20150612 20150710 20150807 20150904,20140912 20141010 20141107 20141205 20150109 20150206 20150306 20150403 20150501 20150529 20150626 20150724 20150821 20150918,火,20140905 20140919 20141003 20141017 20141031 20141114 20141128 20141212 20141226 20150116 20150130 20150213 20150227 20150313 20150327 20150410 20150424 20150508 20150522 20150605 20150619 20150703 20150717 20150731 20150814 20150828 20150911 20150925,水
中央区 南9条～16条の西13丁目～23丁目,札幌センター1,月 木,20140926 20141024 20141121 20150515 20150612 20150710 20150807 20150904,20140912 20141010 20141107 20141205 20150109 20150206 20150306 20150403 20150501 20150529 20150626 20150724 20150821 20150918,火,20140905 20140919 20141003 20141017 20141031 20141114 20141128 20141212 20141226 20150116 20150130 20150213 20150227 20150313 20150327 20150410 20150424 20150508 20150522 20150605 20150619 20150703 20150717 20150731 20150814 20150828 20150911 20150925,水
中央区 南17条西16丁目・17丁目（南17条通の北側のみ）,札幌センター1,月 木,20140926 20141024 20141121 20150515 20150612 20150710 20150807 20150904,20140912 20141010 20141107 20141205 20150109 20150206 20150306 20150403 20150501 20150529 20150626 20150724 20150821 20150918,火,20140905 20140919 20141003 20141017 20141031 20141114 20141128 20141212 20141226 20150116 20150130 20150213 20150227 20150313 20150327 20150410 20150424 20150508 20150522 20150605 20150619 20150703 20150717 20150731 20150814 20150828 20150911 20150925,水
中央区 南17条西18丁目,札幌センター1,月 木,20140926 20141024 20141121 20150515 20150612 20150710 20150807 20150904,20140912 20141010 20141107 20141205 20150109 20150206 20150306 20150403 20150501 20150529 20150626 20150724 20150821 20150918,火,20140905 20140919 20141003 20141017 20141031 20141114 20141128 20141212 20141226 20150116 20150130 20150213 20150227 20150313 20150327 20150410 20150424 20150508 20150522 20150605 20150619 20150703 20150717 20150731 20150814 20150828 20150911 20150925,水
中央区 円山・双子山・界川・旭ヶ丘・伏見,札幌センター1,月 木,20140926 20141024 20141121 20150515 20150612 20150710 20150807 20150904,20140912 20141010 20141107 20141205 20150109 20150206 20150306 20150403 20150501 20150529 20150626 20150724 20150821 20150918,火,20140905 20140919 20141003 20141017 20141031 20141114 20141128 20141212 20141226 20150116 20150130 20150213 20150227 20150313 20150327 20150410 20150424 20150508 20150522 20150605 20150619 20150703 20150717 20150731 20150814 20150828 20150911 20150925,水
中央区 円山西町（9丁目5番、6番のみ）,札幌センター1,月 木,20140926 20141024 20141121 20150515 20150612 20150710 20150807 20150904,20140912 20141010 20141107 20141205 20150109 20150206 20150306 20150403 20150501 20150529 20150626 20150724 20150821 20150918,火,20140905 20140919 20141003 20141017 20141031 20141114 20141128 20141212 20141226 20150116 20150130 20150213 20150227 20150313 20150327 20150410 20150424 20150508 20150522 20150605 20150619 20150703 20150717 20150731 20150814 20150828 20150911 20150925,水
中央区 北1条西10丁目～19丁目（北1条通の北側のみ）,札幌センター1,火 金,20140922 20141020 20141117 20150511 20150608 20150706 20150803 20150831 20150928,20140908 20141006 20141103 20141201 20141229 20150202 20150302 20150330 20150427 20150525 20150622 20150720 20150817 20150914,水,20140901 20140915 20140929 20141013 20141027 20141110 20141124 20141208 20141222 20150112 20150126 20150209 20150223 20150309 20150323 20150406 20150420 20150504 20150518 20150601 20150615 20150629 20150713 20150727 20150810 20150824 20150907 20150921,木
中央区 北2条西8丁目～19丁目,札幌センター1,火 金,20140922 20141020 20141117 20150511 20150608 20150706 20150803 20150831 20150928,20140908 20141006 20141103 20141201 20141229 20150202 20150302 20150330 20150427 20150525 20150622 20150720 20150817 20150914,水,20140901 20140915 20140929 20141013 20141027 20141110 20141124 20141208 20141222 20150112 20150126 20150209 20150223 20150309 20150323 20150406 20150420 20150504 20150518 20150601 20150615 20150629 20150713 20150727 20150810 20150824 20150907 20150921,木
中央区 北3条・4条の西8丁目～20丁目,札幌センター1,火 金,20140922 20141020 20141117 20150511 20150608 20150706 20150803 20150831 20150928,20140908 20141006 20141103 20141201 20141229 20150202 20150302 20150330 20150427 20150525 20150622 20150720 20150817 20150914,水,20140901 20140915 20140929 20141013 20141027 20141110 20141124 20141208 20141222 20150112 20150126 20150209 20150223 20150309 20150323 20150406 20150420 20150504 20150518 20150601 20150615 20150629 20150713 20150727 20150810 20150824 20150907 20150921,木
中央区 北5条～11条の西9丁目～20丁目,札幌センター1,火 金,20140922 20141020 20141117 20150511 20150608 20150706 20150803 20150831 20150928,20140908 20141006 20141103 20141201 20141229 20150202 20150302 20150330 20150427 20150525 20150622 20150720 20150817 20150914,水,20140901 20140915 20140929 20141013 20141027 20141110 20141124 20141208 20141222 20150112 20150126 20150209 20150223 20150309 20150323 20150406 20150420 20150504 20150518 20150601 20150615 20150629 20150713 20150727 20150810 20150824 20150907 20150921,木
中央区 北12条～14条の西15丁目～19丁目,札幌センター1,火 金,20140922 20141020 20141117 20150511 20150608 20150706 20150803 20150831 20150928,20140908 20141006 20141103 20141201 20141229 20150202 20150302 20150330 20150427 20150525 20150622 20150720 20150817 20150914,水,20140901 20140915 20140929 20141013 20141027 20141110 20141124 20141208 20141222 20150112 20150126 20150209 20150223 20150309 20150323 20150406 20150420 20150504 20150518 20150601 20150615 20150629 20150713 20150727 20150810 20150824 20150907 20150921,木
中央区 北15条～22条の西○丁目,札幌センター1,火 金,20140922 20141020 20141117 20150511 20150608 20150706 20150803 20150831 20150928,20140908 20141006 20141103 20141201 20141229 20150202 20150302 20150330 20150427 20150525 20150622 20150720 20150817 20150914,水,20140901 20140915 20140929 20141013 20141027 20141110 20141124 20141208 20141222 20150112 20150126 20150209 20150223 20150309 20150323 20150406 20150420 20150504 20150518 20150601 20150615 20150629 20150713 20150727 20150810 20150824 20150907 20150921,木
中央区 大通西20丁目～28丁目,札幌センター1,火 金,20140925 20141023 20141120 20150514 20150611 20150709 20150806 20150903,20140911 20141009 20141106 20141204 20150108 20150205 20150305 20150402 20150430 20150528 20150625 20150723 20150820 20150917,月,20140904 20140918 20141002 20141016 20141030 20141113 20141127 20141211 20141225 20150115 20150129 20150212 20150226 20150312 20150326 20150409 20150423 20150507 20150521 20150604 20150618 20150702 20150716 20150730 20150813 20150827 20150910 20150924,水
中央区 南1条～3条の西20丁目～28丁目,札幌センター1,火 金,20140925 20141023 20141120 20150514 20150611 20150709 20150806 20150903,20140911 20141009 20141106 20141204 20150108 20150205 20150305 20150402 20150430 20150528 20150625 20150723 20150820 20150917,月,20140904 20140918 20141002 20141016 20141030 20141113 20141127 20141211 20141225 20150115 20150129 20150212 20150226 20150312 20150326 20150409 20150423 20150507 20150521 20150604 20150618 20150702 20150716 20150730 20150813 20150827 20150910 20150924,水
中央区 北1条・2条の西20丁目～28丁目,札幌センター1,火 金,20140925 20141023 20141120 20150514 20150611 20150709 20150806 20150903,20140911 20141009 20141106 20141204 20150108 20150205 20150305 20150402 20150430 20150528 20150625 20150723 20150820 20150917,月,20140904 20140918 20141002 20141016 20141030 20141113 20141127 20141211 20141225 20150115 20150129 20150212 20150226 20150312 20150326 20150409 20150423 20150507 20150521 20150604 20150618 20150702 20150716 20150730 20150813 20150827 20150910 20150924,水
中央区 北3条～11条の西21丁目～30丁目,札幌センター1,火 金,20140925 20141023 20141120 20150514 20150611 20150709 20150806 20150903,20140911 20141009 20141106 20141204 20150108 20150205 20150305 20150402 20150430 20150528 20150625 20150723 20150820 20150917,月,20140904 20140918 20141002 20141016 20141030 20141113 20141127 20141211 20141225 20150115 20150129 20150212 20150226 20150312 20150326 20150409 20150423 20150507 20150521 20150604 20150618 20150702 20150716 20150730 20150813 20150827 20150910 20150924,水
中央区 北12条西20丁目～23丁目,札幌センター1,火 金,20140925 20141023 20141120 20150514 20150611 20150709 20150806 20150903,20140911 20141009 20141106 20141204 20150108 20150205 20150305 20150402 20150430 20150528 20150625 20150723 20150820 20150917,月,20140904 20140918 20141002 20141016 20141030 20141113 20141127 20141211 20141225 20150115 20150129 20150212 20150226 20150312 20150326 20150409 20150423 20150507 20150521 20150604 20150618 20150702 20150716 20150730 20150813 20150827 20150910 20150924,水
中央区 北14条西20丁目,札幌センター1,火 金,20140925 20141023 20141120 20150514 20150611 20150709 20150806 20150903,20140911 20141009 20141106 20141204 20150108 20150205 20150305 20150402 20150430 20150528 20150625 20150723 20150820 20150917,月,20140904 20140918 20141002 20141016 20141030 20141113 20141127 20141211 20141225 20150115 20150129 20150212 20150226 20150312 20150326 20150409 20150423 20150507 20150521 20150604 20150618 20150702 20150716 20150730 20150813 20150827 20150910 20150924,水
中央区 宮の森・宮ヶ丘・盤渓,札幌センター1,火 金,20140925 20141023 20141120 20150514 20150611 20150709 20150806 20150903,20140911 20141009 20141106 20141204 20150108 20150205 20150305 20150402 20150430 20150528 20150625 20150723 20150820 20150917,月,20140904 20140918 20141002 20141016 20141030 20141113 20141127 20141211 20141225 20150115 20150129 20150212 20150226 20150312 20150326 20150409 20150423 20150507 20150521 20150604 20150618 20150702 20150716 20150730 20150813 20150827 20150910 20150924,水
中央区 円山西町（9丁目5番、6番を除く）,札幌センター1,火 金,20140925 20141023 20141120 20150514 20150611 20150709 20150806 20150903,20140911 20141009 20141106 20141204 20150108 20150205 20150305 20150402 20150430 20150528 20150625 20150723 20150820 20150917,月,20140904 20140918 20141002 20141016 20141030 20141113 20141127 20141211 20141225 20150115 20150129 20150212 20150226 20150312 20150326 20150409 20150423 20150507 20150521 20150604 20150618 20150702 20150716 20150730 20150813 20150827 20150910 20150924,水
中央区 大通西1丁目～19丁目,札幌センター1,火 金,20140924 20141022 20141119 20150513 20150610 20150708 20150805 20150902 20150930,20140910 20141008 20141105 20141203 20150107 20150204 20150304 20150401 20150429 20150527 20150624 20150722 20150819 20150916,木,20140903 20140917 20141001 20141015 20141029 20141112 20141126 20141210 20141224 20150114 20150128 20150211 20150225 20150311 20150325 20150408 20150422 20150506 20150520 20150603 20150617 20150701 20150715 20150729 20150812 20150826 20150909 20150923,月
中央区 大通東○丁目,札幌センター1,火 金,20140924 20141022 20141119 20150513 20150610 20150708 20150805 20150902 20150930,20140910 20141008 20141105 20141203 20150107 20150204 20150304 20150401 20150429 20150527 20150624 20150722 20150819 20150916,木,20140903 20140917 20141001 20141015 20141029 20141112 20141126 20141210 20141224 20150114 20150128 20150211 20150225 20150311 20150325 20150408 20150422 20150506 20150520 20150603 20150617 20150701 20150715 20150729 20150812 20150826 20150909 20150923,月
中央区 南○条東○丁目,札幌センター1,火 金,20140924 20141022 20141119 20150513 20150610 20150708 20150805 20150902 20150930,20140910 20141008 20141105 20141203 20150107 20150204 20150304 20150401 20150429 20150527 20150624 20150722 20150819 20150916,木,20140903 20140917 20141001 20141015 20141029 20141112 20141126 20141210 20141224 20150114 20150128 20150211 20150225 20150311 20150325 20150408 20150422 20150506 20150520 20150603 20150617 20150701 20150715 20150729 20150812 20150826 20150909 20150923,月
中央区 北○条東○丁目,札幌センター1,火 金,20140924 20141022 20141119 20150513 20150610 20150708 20150805 20150902 20150930,20140910 20141008 20141105 20141203 20150107 20150204 20150304 20150401 20150429 20150527 20150624 20150722 20150819 20150916,木,20140903 20140917 20141001 20141015 20141029 20141112 20141126 20141210 20141224 20150114 20150128 20150211 20150225 20150311 20150325 20150408 20150422 20150506 20150520 20150603 20150617 20150701 20150715 20150729 20150812 20150826 20150909 20150923,月
中央区 南1条・2条の西1丁目～19丁目,札幌センター1,火 金,20140924 20141022 20141119 20150513 20150610 20150708 20150805 20150902 20150930,20140910 20141008 20141105 20141203 20150107 20150204 20150304 20150401 20150429 20150527 20150624 20150722 20150819 20150916,木,20140903 20140917 20141001 20141015 20141029 20141112 20141126 20141210 20141224 20150114 20150128 20150211 20150225 20150311 20150325 20150408 20150422 20150506 20150520 20150603 20150617 20150701 20150715 20150729 20150812 20150826 20150909 20150923,月
中央区 南3条西1丁目～10丁目・13丁目～18丁目,札幌センター1,火 金,20140924 20141022 20141119 20150513 20150610 20150708 20150805 20150902 20150930,20140910 20141008 20141105 20141203 20150107 20150204 20150304 20150401 20150429 20150527 20150624 20150722 20150819 20150916,木,20140903 20140917 20141001 20141015 20141029 20141112 20141126 20141210 20141224 20150114 20150128 20150211 20150225 20150311 20150325 20150408 20150422 20150506 20150520 20150603 20150617 20150701 20150715 20150729 20150812 20150826 20150909 20150923,月
中央区 南3条西11丁目・12丁目（南3条通の北側のみ）,札幌センター1,火 金,20140924 20141022 20141119 20150513 20150610 20150708 20150805 20150902 20150930,20140910 20141008 20141105 20141203 20150107 20150204 20150304 20150401 20150429 20150527 20150624 20150722 20150819 20150916,木,20140903 20140917 20141001 20141015 20141029 20141112 20141126 20141210 20141224 20150114 20150128 20150211 20150225 20150311 20150325 20150408 20150422 20150506 20150520 20150603 20150617 20150701 20150715 20150729 20150812 20150826 20150909 20150923,月
中央区 南4条西1丁目～6丁目,札幌センター1,火 金,20140924 20141022 20141119 20150513 20150610 20150708 20150805 20150902 20150930,20140910 20141008 20141105 20141203 20150107 20150204 20150304 20150401 20150429 20150527 20150624 20150722 20150819 20150916,木,20140903 20140917 20141001 20141015 20141029 20141112 20141126 20141210 20141224 20150114 20150128 20150211 20150225 20150311 20150325 20150408 20150422 20150506 20150520 20150603 20150617 20150701 20150715 20150729 20150812 20150826 20150909 20150923,月
中央区 南4条西7丁目～10丁目（南4条通の北側のみ）,札幌センター1,火 金,20140924 20141022 20141119 20150513 20150610 20150708 20150805 20150902 20150930,20140910 20141008 20141105 20141203 20150107 20150204 20150304 20150401 20150429 20150527 20150624 20150722 20150819 20150916,木,20140903 20140917 20141001 20141015 20141029 20141112 20141126 20141210 20141224 20150114 20150128 20150211 20150225 20150311 20150325 20150408 20150422 20150506 20150520 20150603 20150617 20150701 20150715 20150729 20150812 20150826 20150909 20150923,月
中央区 南5条～8条の西1丁目～6丁目,札幌センター1,火 金,20140924 20141022 20141119 20150513 20150610 20150708 20150805 20150902 20150930,20140910 20141008 20141105 20141203 20150107 20150204 20150304 20150401 20150429 20150527 20150624 20150722 20150819 20150916,木,20140903 20140917 20141001 20141015 20141029 20141112 20141126 20141210 20141224 20150114 20150128 20150211 20150225 20150311 20150325 20150408 20150422 20150506 20150520 20150603 20150617 20150701 20150715 20150729 20150812 20150826 20150909 20150923,月
中央区 南9条西1丁目～3丁目,札幌センター1,火 金,20140924 20141022 20141119 20150513 20150610 20150708 20150805 20150902 20150930,20140910 20141008 20141105 20141203 20150107 20150204 20150304 20150401 20150429 20150527 20150624 20150722 20150819 20150916,木,20140903 20140917 20141001 20141015 20141029 20141112 20141126 20141210 20141224 20150114 20150128 20150211 20150225 20150311 20150325 20150408 20150422 20150506 20150520 20150603 20150617 20150701 20150715 20150729 20150812 20150826 20150909 20150923,月
中央区 南9条西4丁目～6丁目（南9条通の北側のみ）,札幌センター1,火 金,20140924 20141022 20141119 20150513 20150610 20150708 20150805 20150902 20150930,20140910 20141008 20141105 20141203 20150107 20150204 20150304 20150401 20150429 20150527 20150624 20150722 20150819 20150916,木,20140903 20140917 20141001 20141015 20141029 20141112 20141126 20141210 20141224 20150114 20150128 20150211 20150225 20150311 20150325 20150408 20150422 20150506 20150520 20150603 20150617 20150701 20150715 20150729 20150812 20150826 20150909 20150923,月
中央区 南10条～15条の西1丁目～3丁目,札幌センター1,火 金,20140924 20141022 20141119 20150513 20150610 20150708 20150805 20150902 20150930,20140910 20141008 20141105 20141203 20150107 20150204 20150304 20150401 20150429 20150527 20150624 20150722 20150819 20150916,木,20140903 20140917 20141001 20141015 20141029 20141112 20141126 20141210 20141224 20150114 20150128 20150211 20150225 20150311 20150325 20150408 20150422 20150506 20150520 20150603 20150617 20150701 20150715 20150729 20150812 20150826 20150909 20150923,月
中央区 北1条西1丁目～9丁目,札幌センター1,火 金,20140924 20141022 20141119 20150513 20150610 20150708 20150805 20150902 20150930,20140910 20141008 20141105 20141203 20150107 20150204 20150304 20150401 20150429 20150527 20150624 20150722 20150819 20150916,木,20140903 20140917 20141001 20141015 20141029 20141112 20141126 20141210 20141224 20150114 20150128 20150211 20150225 20150311 20150325 20150408 20150422 20150506 20150520 20150603 20150617 20150701 20150715 20150729 20150812 20150826 20150909 20150923,月
中央区 北1条西10丁目～19丁目（北1条通の南側のみ）,札幌センター1,火 金,20140924 20141022 20141119 20150513 20150610 20150708 20150805 20150902 20150930,20140910 20141008 20141105 20141203 20150107 20150204 20150304 20150401 20150429 20150527 20150624 20150722 20150819 20150916,木,20140903 20140917 20141001 20141015 20141029 20141112 20141126 20141210 20141224 20150114 20150128 20150211 20150225 20150311 20150325 20150408 20150422 20150506 20150520 20150603 20150617 20150701 20150715 20150729 20150812 20150826 20150909 20150923,月
中央区 北2条～4条の西1丁目～7丁目,札幌センター1,火 金,20140924 20141022 20141119 20150513 20150610 20150708 20150805 20150902 20150930,20140910 20141008 20141105 20141203 20150107 20150204 20150304 20150401 20150429 20150527 20150624 20150722 20150819 20150916,木,20140903 20140917 20141001 20141015 20141029 20141112 20141126 20141210 20141224 20150114 20150128 20150211 20150225 20150311 20150325 20150408 20150422 20150506 20150520 20150603 20150617 20150701 20150715 20150729 20150812 20150826 20150909 20150923,月
中央区 北5条西1丁目～8丁目,札幌センター1,火 金,20140924 20141022 20141119 20150513 20150610 20150708 20150805 20150902 20150930,20140910 20141008 20141105 20141203 20150107 20150204 20150304 20150401 20150429 20150527 20150624 20150722 20150819 20150916,木,20140903 20140917 20141001 20141015 20141029 20141112 20141126 20141210 20141224 20150114 20150128 20150211 20150225 20150311 20150325 20150408 20150422 20150506 20150520 20150603 20150617 20150701 20150715 20150729 20150812 20150826 20150909 20150923,月
中央区 中島公園,札幌センター1,火 金,20140924 20141022 20141119 20150513 20150610 20150708 20150805 20150902 20150930,20140910 20141008 20141105 20141203 20150107 20150204 20150304 20150401 20150429 20150527 20150624 20150722 20150819 20150916,木,20140903 20140917 20141001 20141015 20141029 20141112 20141126 20141210 20141224 20150114 20150128 20150211 20150225 20150311 20150325 20150408 20150422 20150506 20150520 20150603 20150617 20150701 20150715 20150729 20150812 20150826 20150909 20150923,月
北区 北6条～31条の西○丁目,札幌センター1,月 木,20140910 20141008 20141105 20141203 20150527 20150624 20150722 20150819 20150916,20140924 20141022 20141119 20141217 20150121 20150218 20150318 20150415 20150513 20150610 20150708 20150805 20150902 20150930,火,20140903 20140917 20141001 20141015 20141029 20141112 20141126 20141210 20141224 20150114 20150128 20150211 20150225 20150311 20150325 20150408 20150422 20150506 20150520 20150603 20150617 20150701 20150715 20150729 20150812 20150826 20150909 20150923,金
北区 北32条西2丁目～12丁目,札幌センター1,月 木,20140910 20141008 20141105 20141203 20150527 20150624 20150722 20150819 20150916,20140924 20141022 20141119 20141217 20150121 20150218 20150318 20150415 20150513 20150610 20150708 20150805 20150902 20150930,火,20140903 20140917 20141001 20141015 20141029 20141112 20141126 20141210 20141224 20150114 20150128 20150211 20150225 20150311 20150325 20150408 20150422 20150506 20150520 20150603 20150617 20150701 20150715 20150729 20150812 20150826 20150909 20150923,金
北区 北33条西2丁目～8丁目,札幌センター1,月 木,20140910 20141008 20141105 20141203 20150527 20150624 20150722 20150819 20150916,20140924 20141022 20141119 20141217 20150121 20150218 20150318 20150415 20150513 20150610 20150708 20150805 20150902 20150930,火,20140903 20140917 20141001 20141015 20141029 20141112 20141126 20141210 20141224 20150114 20150128 20150211 20150225 20150311 20150325 20150408 20150422 20150506 20150520 20150603 20150617 20150701 20150715 20150729 20150812 20150826 20150909 20150923,金
北区 新川○条○丁目、○番地,札幌センター1,月 木,20140909 20141007 20141104 20141202 20150526 20150623 20150721 20150818 20150915,20140923 20141021 20141118 20141216 20150120 20150217 20150317 20150414 20150512 20150609 20150707 20150804 20150901 20150929,金,20140902 20140916 20140930 20141014 20141028 20141111 20141125 20141209 20141223 20150113 20150127 20150210 20150224 20150310 20150324 20150407 20150421 20150505 20150519 20150602 20150616 20150630 20150714 20150728 20150811 20150825 20150908 20150922,水
北区 新川西○条○丁目,札幌センター1,月 木,20140909 20141007 20141104 20141202 20150526 20150623 20150721 20150818 20150915,20140923 20141021 20141118 20141216 20150120 20150217 20150317 20150414 20150512 20150609 20150707 20150804 20150901 20150929,金,20140902 20140916 20140930 20141014 20141028 20141111 20141125 20141209 20141223 20150113 20150127 20150210 20150224 20150310 20150324 20150407 20150421 20150505 20150519 20150602 20150616 20150630 20150714 20150728 20150811 20150825 20150908 20150922,水
北区 新琴似1条～3条の12丁目・13丁目,札幌センター1,月 木,20140909 20141007 20141104 20141202 20150526 20150623 20150721 20150818 20150915,20140923 20141021 20141118 20141216 20150120 20150217 20150317 20150414 20150512 20150609 20150707 20150804 20150901 20150929,金,20140902 20140916 20140930 20141014 20141028 20141111 20141125 20141209 20141223 20150113 20150127 20150210 20150224 20150310 20150324 20150407 20150421 20150505 20150519 20150602 20150616 20150630 20150714 20150728 20150811 20150825 20150908 20150922,水
北区 新琴似4条～10条の12丁目～17丁目,札幌センター1,月 木,20140909 20141007 20141104 20141202 20150526 20150623 20150721 20150818 20150915,20140923 20141021 20141118 20141216 20150120 20150217 20150317 20150414 20150512 20150609 20150707 20150804 20150901 20150929,金,20140902 20140916 20140930 20141014 20141028 20141111 20141125 20141209 20141223 20150113 20150127 20150210 20150224 20150310 20150324 20150407 20150421 20150505 20150519 20150602 20150616 20150630 20150714 20150728 20150811 20150825 20150908 20150922,水
北区 新琴似11条・12条の14丁目～17丁目,札幌センター1,月 木,20140909 20141007 20141104 20141202 20150526 20150623 20150721 20150818 20150915,20140923 20141021 20141118 20141216 20150120 20150217 20150317 20150414 20150512 20150609 20150707 20150804 20150901 20150929,金,20140902 20140916 20140930 20141014 20141028 20141111 20141125 20141209 20141223 20150113 20150127 20150210 20150224 20150310 20150324 20150407 20150421 20150505 20150519 20150602 20150616 20150630 20150714 20150728 20150811 20150825 20150908 20150922,水
北区 新琴似町○番地,札幌センター1,月 木,20140909 20141007 20141104 20141202 20150526 20150623 20150721 20150818 20150915,20140923 20141021 20141118 20141216 20150120 20150217 20150317 20150414 20150512 20150609 20150707 20150804 20150901 20150929,金,20140902 20140916 20140930 20141014 20141028 20141111 20141125 20141209 20141223 20150113 20150127 20150210 20150224 20150310 20150324 20150407 20150421 20150505 20150519 20150602 20150616 20150630 20150714 20150728 20150811 20150825 20150908 20150922,水
北区 新琴似1条～10条の1丁目～11丁目,札幌センター1,月 木,20140912 20141010 20141107 20141205 20150501 20150529 20150626 20150724 20150821 20150918,20140926 20141024 20141121 20141219 20150123 20150220 20150320 20150417 20150515 20150612 20150710 20150807 20150904,水,20140905 20140919 20141003 20141017 20141031 20141114 20141128 20141212 20141226 20150116 20150130 20150213 20150227 20150313 20150327 20150410 20150424 20150508 20150522 20150605 20150619 20150703 20150717 20150731 20150814 20150828 20150911 20150925,火
北区 新琴似11条・12条の1丁目～13丁目,札幌センター1,月 木,20140912 20141010 20141107 20141205 20150501 20150529 20150626 20150724 20150821 20150918,20140926 20141024 20141121 20141219 20150123 20150220 20150320 20150417 20150515 20150612 20150710 20150807 20150904,水,20140905 20140919 20141003 20141017 20141031 20141114 20141128 20141212 20141226 20150116 20150130 20150213 20150227 20150313 20150327 20150410 20150424 20150508 20150522 20150605 20150619 20150703 20150717 20150731 20150814 20150828 20150911 20150925,火
北区 屯田○条○丁目,札幌センター1,火 金,20140908 20141006 20141103 20141201 20150525 20150622 20150720 20150817 20150914,20140922 20141020 20141117 20141215 20150119 20150216 20150316 20150413 20150511 20150608 20150706 20150803 20150831 20150928,水,20140901 20140915 20140929 20141013 20141027 20141110 20141124 20141208 20141222 20150112 20150126 20150209 20150223 20150309 20150323 20150406 20150420 20150504 20150518 20150601 20150615 20150629 20150713 20150727 20150810 20150824 20150907 20150921,木
北区 屯田町○番地,札幌センター1,火 金,20140908 20141006 20141103 20141201 20150525 20150622 20150720 20150817 20150914,20140922 20141020 20141117 20141215 20150119 20150216 20150316 20150413 20150511 20150608 20150706 20150803 20150831 20150928,水,20140901 20140915 20140929 20141013 20141027 20141110 20141124 20141208 20141222 20150112 20150126 20150209 20150223 20150309 20150323 20150406 20150420 20150504 20150518 20150601 20150615 20150629 20150713 20150727 20150810 20150824 20150907 20150921,木
北区 麻生町○丁目,札幌センター1,火 金,20140910 20141008 20141105 20141203 20150527 20150624 20150722 20150819 20150916,20140924 20141022 20141119 20141217 20150121 20150218 20150318 20150415 20150513 20150610 20150708 20150805 20150902 20150930,木,20140903 20140917 20141001 20141015 20141029 20141112 20141126 20141210 20141224 20150114 20150128 20150211 20150225 20150311 20150325 20150408 20150422 20150506 20150520 20150603 20150617 20150701 20150715 20150729 20150812 20150826 20150909 20150923,月
北区 北32条西13丁目,札幌センター1,火 金,20140910 20141008 20141105 20141203 20150527 20150624 20150722 20150819 20150916,20140924 20141022 20141119 20141217 20150121 20150218 20150318 20150415 20150513 20150610 20150708 20150805 20150902 20150930,木,20140903 20140917 20141001 20141015 20141029 20141112 20141126 20141210 20141224 20150114 20150128 20150211 20150225 20150311 20150325 20150408 20150422 20150506 20150520 20150603 20150617 20150701 20150715 20150729 20150812 20150826 20150909 20150923,月
北区 北33条西9丁目～12丁目,札幌センター1,火 金,20140910 20141008 20141105 20141203 20150527 20150624 20150722 20150819 20150916,20140924 20141022 20141119 20141217 20150121 20150218 20150318 20150415 20150513 20150610 20150708 20150805 20150902 20150930,木,20140903 20140917 20141001 20141015 20141029 20141112 20141126 20141210 20141224 20150114 20150128 20150211 20150225 20150311 20150325 20150408 20150422 20150506 20150520 20150603 20150617 20150701 20150715 20150729 20150812 20150826 20150909 20150923,月
北区 北34条～40条の西○丁目,札幌センター1,火 金,20140910 20141008 20141105 20141203 20150527 20150624 20150722 20150819 20150916,20140924 20141022 20141119 20141217 20150121 20150218 20150318 20150415 20150513 20150610 20150708 20150805 20150902 20150930,木,20140903 20140917 20141001 20141015 20141029 20141112 20141126 20141210 20141224 20150114 20150128 20150211 20150225 20150311 20150325 20150408 20150422 20150506 20150520 20150603 20150617 20150701 20150715 20150729 20150812 20150826 20150909 20150923,月
北区 太平○条○丁目,札幌センター1,火 金,20140910 20141008 20141105 20141203 20150527 20150624 20150722 20150819 20150916,20140924 20141022 20141119 20141217 20150121 20150218 20150318 20150415 20150513 20150610 20150708 20150805 20150902 20150930,木,20140903 20140917 20141001 20141015 20141029 20141112 20141126 20141210 20141224 20150114 20150128 20150211 20150225 20150311 20150325 20150408 20150422 20150506 20150520 20150603 20150617 20150701 20150715 20150729 20150812 20150826 20150909 20150923,月
北区 篠路町太平○番地,札幌センター1,火 金,20140910 20141008 20141105 20141203 20150527 20150624 20150722 20150819 20150916,20140924 20141022 20141119 20141217 20150121 20150218 20150318 20150415 20150513 20150610 20150708 20150805 20150902 20150930,木,20140903 20140917 20141001 20141015 20141029 20141112 20141126 20141210 20141224 20150114 20150128 20150211 20150225 20150311 20150325 20150408 20150422 20150506 20150520 20150603 20150617 20150701 20150715 20150729 20150812 20150826 20150909 20150923,月
北区 百合が原○丁目,札幌センター1,火 金,20140910 20141008 20141105 20141203 20150527 20150624 20150722 20150819 20150916,20140924 20141022 20141119 20141217 20150121 20150218 20150318 20150415 20150513 20150610 20150708 20150805 20150902 20150930,木,20140903 20140917 20141001 20141015 20141029 20141112 20141126 20141210 20141224 20150114 20150128 20150211 20150225 20150311 20150325 20150408 20150422 20150506 20150520 20150603 20150617 20150701 20150715 20150729 20150812 20150826 20150909 20150923,月
北区 篠路○条○丁目,札幌センター1,火 金,20140911 20141009 20141106 20141204 20150528 20150625 20150723 20150820 20150917,20140925 20141023 20141120 20141218 20150122 20150219 20150319 20150416 20150514 20150611 20150709 20150806 20150903,月,20140904 20140918 20141002 20141016 20141030 20141113 20141127 20141211 20141225 20150115 20150129 20150212 20150226 20150312 20150326 20150409 20150423 20150507 20150521 20150604 20150618 20150702 20150716 20150730 20150813 20150827 20150910 20150924,水
北区 篠路町篠路○番地,札幌センター1,火 金,20140911 20141009 20141106 20141204 20150528 20150625 20150723 20150820 20150917,20140925 20141023 20141120 20141218 20150122 20150219 20150319 20150416 20150514 20150611 20150709 20150806 20150903,月,20140904 20140918 20141002 20141016 20141030 20141113 20141127 20141211 20141225 20150115 20150129 20150212 20150226 20150312 20150326 20150409 20150423 20150507 20150521 20150604 20150618 20150702 20150716 20150730 20150813 20150827 20150910 20150924,水
北区 篠路町福移○番地,札幌センター1,火 金,20140911 20141009 20141106 20141204 20150528 20150625 20150723 20150820 20150917,20140925 20141023 20141120 20141218 20150122 20150219 20150319 20150416 20150514 20150611 20150709 20150806 20150903,月,20140904 20140918 20141002 20141016 20141030 20141113 20141127 20141211 20141225 20150115 20150129 20150212 20150226 20150312 20150326 20150409 20150423 20150507 20150521 20150604 20150618 20150702 20150716 20150730 20150813 20150827 20150910 20150924,水
北区 篠路町上篠路○番地,札幌センター1,火 金,20140911 20141009 20141106 20141204 20150528 20150625 20150723 20150820 20150917,20140925 20141023 20141120 20141218 20150122 20150219 20150319 20150416 20150514 20150611 20150709 20150806 20150903,月,20140904 20140918 20141002 20141016 20141030 20141113 20141127 20141211 20141225 20150115 20150129 20150212 20150226 20150312 20150326 20150409 20150423 20150507 20150521 20150604 20150618 20150702 20150716 20150730 20150813 20150827 20150910 20150924,水
北区 西茨戸○条○丁目、○番地,札幌センター1,火 金,20140911 20141009 20141106 20141204 20150528 20150625 20150723 20150820 20150917,20140925 20141023 20141120 20141218 20150122 20150219 20150319 20150416 20150514 20150611 20150709 20150806 20150903,月,20140904 20140918 20141002 20141016 20141030 20141113 20141127 20141211 20141225 20150115 20150129 20150212 20150226 20150312 20150326 20150409 20150423 20150507 20150521 20150604 20150618 20150702 20150716 20150730 20150813 20150827 20150910 20150924,水
北区 東茨戸○条○丁目、○番地,札幌センター1,火 金,20140911 20141009 20141106 20141204 20150528 20150625 20150723 20150820 20150917,20140925 20141023 20141120 20141218 20150122 20150219 20150319 20150416 20150514 20150611 20150709 20150806 20150903,月,20140904 20140918 20141002 20141016 20141030 20141113 20141127 20141211 20141225 20150115 20150129 20150212 20150226 20150312 20150326 20150409 20150423 20150507 20150521 20150604 20150618 20150702 20150716 20150730 20150813 20150827 20150910 20150924,水
北区 拓北○条○丁目,札幌センター1,火 金,20140911 20141009 20141106 20141204 20150528 20150625 20150723 20150820 20150917,20140925 20141023 20141120 20141218 20150122 20150219 20150319 20150416 20150514 20150611 20150709 20150806 20150903,月,20140904 20140918 20141002 20141016 20141030 20141113 20141127 20141211 20141225 20150115 20150129 20150212 20150226 20150312 20150326 20150409 20150423 20150507 20150521 20150604 20150618 20150702 20150716 20150730 20150813 20150827 20150910 20150924,水
北区 篠路町拓北○番地,札幌センター1,火 金,20140911 20141009 20141106 20141204 20150528 20150625 20150723 20150820 20150917,20140925 20141023 20141120 20141218 20150122 20150219 20150319 20150416 20150514 20150611 20150709 20150806 20150903,月,20140904 20140918 20141002 20141016 20141030 20141113 20141127 20141211 20141225 20150115 20150129 20150212 20150226 20150312 20150326 20150409 20150423 20150507 20150521 20150604 20150618 20150702 20150716 20150730 20150813 20150827 20150910 20150924,水
北区 あいの里○条○丁目,札幌センター1,火 金,20140911 20141009 20141106 20141204 20150528 20150625 20150723 20150820 20150917,20140925 20141023 20141120 20141218 20150122 20150219 20150319 20150416 20150514 20150611 20150709 20150806 20150903,月,20140904 20140918 20141002 20141016 20141030 20141113 20141127 20141211 20141225 20150115 20150129 20150212 20150226 20150312 20150326 20150409 20150423 20150507 20150521 20150604 20150618 20150702 20150716 20150730 20150813 20150827 20150910 20150924,水
北区 南あいの里○丁目,札幌センター1,火 金,20140911 20141009 20141106 20141204 20150528 20150625 20150723 20150820 20150917,20140925 20141023 20141120 20141218 20150122 20150219 20150319 20150416 20150514 20150611 20150709 20150806 20150903,月,20140904 20140918 20141002 20141016 20141030 20141113 20141127 20141211 20141225 20150115 20150129 20150212 20150226 20150312 20150326 20150409 20150423 20150507 20150521 20150604 20150618 20150702 20150716 20150730 20150813 20150827 20150910 20150924,水
東区 北34条～51条の東1丁目～15丁目,札幌センター1,月 木,20140909 20141007 20141104 12041202 20150526 20150623 20150721 20150818 20150915,20140923 20141021 20141118 20141216 20150120 20150217 20150317 20150414 20150512 20150609 20150707 20150804 20150901 20150929,水,20140902 20140916 20140930 20141014 20141028 20141111 20141125 20141209 20141223 20150113 20150127 20150210 20150224 20150310 20150324 20150407 20150421 20150505 20150519 20150602 20150616 20150630 20150714 20150728 20150811 20150825 20150908 20150922,金
東区 北34条～49条の東16丁目～30丁目,札幌センター1,月 木,20140910 20141008 20141105 20141203 20150527 20150624 20150722 20150819 20150916,20140924 20141022 20141119 20141217 20150121 20150218 20150318 20150415 20150513 20150610 20150708 20150805 20150902 20150930,金,20140903 20140917 20141001 20141015 20141029 20141112 20141126 20141210 20141224 20150114 20150128 20150211 20150225 20150311 20150325 20150408 20150422 20150506 20150520 20150603 20150617 20150701 20150715 20150729 20150812 20150826 20150909 20150923,火
東区 伏古11条～14条の1丁目～5丁目,札幌センター1,月 木,20140910 20141008 20141105 20141203 20150527 20150624 20150722 20150819 20150916,20140924 20141022 20141119 20141217 20150121 20150218 20150318 20150415 20150513 20150610 20150708 20150805 20150902 20150930,金,20140903 20140917 20141001 20141015 20141029 20141112 20141126 20141210 20141224 20150114 20150128 20150211 20150225 20150311 20150325 20150408 20150422 20150506 20150520 20150603 20150617 20150701 20150715 20150729 20150812 20150826 20150909 20150923,火
東区 丘珠町○番地,札幌センター1,月 木,20140910 20141008 20141105 20141203 20150527 20150624 20150722 20150819 20150916,20140924 20141022 20141119 20141217 20150121 20150218 20150318 20150415 20150513 20150610 20150708 20150805 20150902 20150930,金,20140903 20140917 20141001 20141015 20141029 20141112 20141126 20141210 20141224 20150114 20150128 20150211 20150225 20150311 20150325 20150408 20150422 20150506 20150520 20150603 20150617 20150701 20150715 20150729 20150812 20150826 20150909 20150923,火
東区 栄町○番地,札幌センター1,月 木,20140910 20141008 20141105 20141203 20150527 20150624 20150722 20150819 20150916,20140924 20141022 20141119 20141217 20150121 20150218 20150318 20150415 20150513 20150610 20150708 20150805 20150902 20150930,金,20140903 20140917 20141001 20141015 20141029 20141112 20141126 20141210 20141224 20150114 20150128 20150211 20150225 20150311 20150325 20150408 20150422 20150506 20150520 20150603 20150617 20150701 20150715 20150729 20150812 20150826 20150909 20150923,火
東区 北丘珠○条○丁目,札幌センター1,月 木,20140910 20141008 20141105 20141203 20150527 20150624 20150722 20150819 20150916,20140924 20141022 20141119 20141217 20150121 20150218 20150318 20150415 20150513 20150610 20150708 20150805 20150902 20150930,金,20140903 20140917 20141001 20141015 20141029 20141112 20141126 20141210 20141224 20150114 20150128 20150211 20150225 20150311 20150325 20150408 20150422 20150506 20150520 20150603 20150617 20150701 20150715 20150729 20150812 20150826 20150909 20150923,火
東区 伏古1条～10条の1丁目～5丁目,札幌センター1,月 木,20140912 20141010 20141107 20141205 20150501 20150529 20150626 20150724 20150821 20150918,20140926 20141024 20141121 20141219 20150123 20150220 20150320 20150417 20150515 20150612 20150710 20150807 20150904,火,20140905 20140919 20141003 20141017 20141031 20141114 20141128 20141212 20141226 20150116 20150130 20150213 20150227 20150313 20150327 20150410 20150424 20150508 20150522 20150605 20150619 20150703 20150717 20150731 20150814 20150828 20150911 20150925,水
東区 東苗穂○条○丁目,札幌センター1,月 木,20140912 20141010 20141107 20141205 20150501 20150529 20150626 20150724 20150821 20150918,20140926 20141024 20141121 20141219 20150123 20150220 20150320 20150417 20150515 20150612 20150710 20150807 20150904,火,20140905 20140919 20141003 20141017 20141031 20141114 20141128 20141212 20141226 20150116 20150130 20150213 20150227 20150313 20150327 20150410 20150424 20150508 20150522 20150605 20150619 20150703 20150717 20150731 20150814 20150828 20150911 20150925,水
東区 東苗穂町○番地,札幌センター1,月 木,20140912 20141010 20141107 20141205 20150501 20150529 20150626 20150724 20150821 20150918,20140926 20141024 20141121 20141219 20150123 20150220 20150320 20150417 20150515 20150612 20150710 20150807 20150904,火,20140905 20140919 20141003 20141017 20141031 20141114 20141128 20141212 20141226 20150116 20150130 20150213 20150227 20150313 20150327 20150410 20150424 20150508 20150522 20150605 20150619 20150703 20150717 20150731 20150814 20150828 20150911 20150925,水
東区 東雁来○条○丁目,札幌センター1,月 木,20140912 20141010 20141107 20141205 20150501 20150529 20150626 20150724 20150821 20150918,20140926 20141024 20141121 20141219 20150123 20150220 20150320 20150417 20150515 20150612 20150710 20150807 20150904,火,20140905 20140919 20141003 20141017 20141031 20141114 20141128 20141212 20141226 20150116 20150130 20150213 20150227 20150313 20150327 20150410 20150424 20150508 20150522 20150605 20150619 20150703 20150717 20150731 20150814 20150828 20150911 20150925,水
東区 東雁来町○番地,札幌センター1,月 木,20140912 20141010 20141107 20141205 20150501 20150529 20150626 20150724 20150821 20150918,20140926 20141024 20141121 20141219 20150123 20150220 20150320 20150417 20150515 20150612 20150710 20150807 20150904,火,20140905 20140919 20141003 20141017 20141031 20141114 20141128 20141212 20141226 20150116 20150130 20150213 20150227 20150313 20150327 20150410 20150424 20150508 20150522 20150605 20150619 20150703 20150717 20150731 20150814 20150828 20150911 20150925,水
東区 中沼○条○丁目,札幌センター1,月 木,20140912 20141010 20141107 20141205 20150501 20150529 20150626 20150724 20150821 20150918,20140926 20141024 20141121 20141219 20150123 20150220 20150320 20150417 20150515 20150612 20150710 20150807 20150904,火,20140905 20140919 20141003 20141017 20141031 20141114 20141128 20141212 20141226 20150116 20150130 20150213 20150227 20150313 20150327 20150410 20150424 20150508 20150522 20150605 20150619 20150703 20150717 20150731 20150814 20150828 20150911 20150925,水
東区 中沼町○番地,札幌センター1,月 木,20140912 20141010 20141107 20141205 20150501 20150529 20150626 20150724 20150821 20150918,20140926 20141024 20141121 20141219 20150123 20150220 20150320 20150417 20150515 20150612 20150710 20150807 20150904,火,20140905 20140919 20141003 20141017 20141031 20141114 20141128 20141212 20141226 20150116 20150130 20150213 20150227 20150313 20150327 20150410 20150424 20150508 20150522 20150605 20150619 20150703 20150717 20150731 20150814 20150828 20150911 20150925,水
東区 中沼西○条○丁目,札幌センター1,月 木,20140912 20141010 20141107 20141205 20150501 20150529 20150626 20150724 20150821 20150918,20140926 20141024 20141121 20141219 20150123 20150220 20150320 20150417 20150515 20150612 20150710 20150807 20150904,火,20140905 20140919 20141003 20141017 20141031 20141114 20141128 20141212 20141226 20150116 20150130 20150213 20150227 20150313 20150327 20150410 20150424 20150508 20150522 20150605 20150619 20150703 20150717 20150731 20150814 20150828 20150911 20150925,水
東区 北5条～33条の東1丁目～7丁目,札幌センター1,火 金,20140908 20141006 20141103 20141201 20150525 20150622 20150720 20150817 20150914,20140922 20141020 20141117 20141215 20150119 20150216 20150316 20150413 20150511 20150608 20150706 20150803 20150831 20150928,水,20140901 20140915 20140929 20141013 20141027 20141110 20141124 20141208 20141222 20150112 20150126 20150209 20150223 20150309 20150323 20150406 20150420 20150504 20150518 20150601 20150615 20150629 20150713 20150727 20150810 20150824 20150907 20150921,木
東区 北15条～33条の東8丁目～15丁目,札幌センター1,火 金,20140910 20141008 20141105 20141203 20150527 20150624 20150722 20150819 20150916,20140924 20141022 20141119 20141217 20150121 20150218 20150318 20150415 20150513 20150610 20150708 20150805 20150902 20150930,木,20140903 20140917 20141001 20141015 20141029 20141112 20141126 20141210 20141224 20150114 20150128 20150211 20150225 20150311 20150325 20150408 20150422 20150506 20150520 20150603 20150617 20150701 20150715 20150729 20150812 20150826 20150909 20150923,月
東区 北4条～14条の東8丁目～20丁目,札幌センター1,火 金,20140911 20141009 20141106 20141204 20150528 20150625 20150723 20150820 20150917,20140925 20141023 20141120 20141218 20150122 20150219 20150319 20150416 20150514 20150611 20150709 20150806 20150903,月,20140904 20140918 20141002 20141016 20141030 20141113 20141127 20141211 20141225 20150115 20150129 20150212 20150226 20150312 20150326 20150409 20150423 20150507 20150521 20150604 20150618 20150702 20150716 20150730 20150813 20150827 20150910 20150924,水
東区 北15条～33条の東16丁目～23丁目,札幌センター1,火 金,20140911 20141009 20141106 20141204 20150528 20150625 20150723 20150820 20150917,20140925 20141023 20141120 20141218 20150122 20150219 20150319 20150416 20150514 20150611 20150709 20150806 20150903,月,20140904 20140918 20141002 20141016 20141030 20141113 20141127 20141211 20141225 20150115 20150129 20150212 20150226 20150312 20150326 20150409 20150423 20150507 20150521 20150604 20150618 20150702 20150716 20150730 20150813 20150827 20150910 20150924,水
東区 苗穂町○丁目,札幌センター1,火 金,20140911 20141009 20141106 20141204 20150528 20150625 20150723 20150820 20150917,20140925 20141023 20141120 20141218 20150122 20150219 20150319 20150416 20150514 20150611 20150709 20150806 20150903,月,20140904 20140918 20141002 20141016 20141030 20141113 20141127 20141211 20141225 20150115 20150129 20150212 20150226 20150312 20150326 20150409 20150423 20150507 20150521 20150604 20150618 20150702 20150716 20150730 20150813 20150827 20150910 20150924,水
東区 本町○条○丁目,札幌センター1,火 金,20140911 20141009 20141106 20141204 20150528 20150625 20150723 20150820 20150917,20140925 20141023 20141120 20141218 20150122 20150219 20150319 20150416 20150514 20150611 20150709 20150806 20150903,月,20140904 20140918 20141002 20141016 20141030 20141113 20141127 20141211 20141225 20150115 20150129 20150212 20150226 20150312 20150326 20150409 20150423 20150507 20150521 20150604 20150618 20150702 20150716 20150730 20150813 20150827 20150910 20150924,水
白石区 中央○条○丁目,札幌センター1,火 金,20140903 20141001 20141029 20141126 20150520 20150617 20150715 20150812 20150909,20140917 20141015 20141112 20141210 20150114 20150211 20150311 20150408 20150506 20150603 20150701 20150729 20150826 20150923,月,20140910 20140924 20141008 20141022 20141105 20141119 20141203 20141217 20150107 20150121 20150204 20150218 20150304 20150318 20150401 20150415 20150429 20150513 20150527 20150610 20150624 20150708 20150722 20150805 20150819 20150902 20150916 20150930,木
白石区 本通1丁目～14丁目（南北）,札幌センター1,火 金,20140903 20141001 20141029 20141126 20150520 20150617 20150715 20150812 20150909,20140917 20141015 20141112 20141210 20150114 20150211 20150311 20150408 20150506 20150603 20150701 20150729 20150826 20150923,月,20140910 20140924 20141008 20141022 20141105 20141119 20141203 20141217 20150107 20150121 20150204 20150218 20150304 20150318 20150401 20150415 20150429 20150513 20150527 20150610 20150624 20150708 20150722 20150805 20150819 20150902 20150916 20150930,木
白石区 平和通1丁目～14丁目（南北）,札幌センター1,火 金,20140903 20141001 20141029 20141126 20150520 20150617 20150715 20150812 20150909,20140917 20141015 20141112 20141210 20150114 20150211 20150311 20150408 20150506 20150603 20150701 20150729 20150826 20150923,月,20140910 20140924 20141008 20141022 20141105 20141119 20141203 20141217 20150107 20150121 20150204 20150218 20150304 20150318 20150401 20150415 20150429 20150513 20150527 20150610 20150624 20150708 20150722 20150805 20150819 20150902 20150916 20150930,木
白石区 本郷通1丁目～13丁目（南北）,札幌センター1,火 金,20140903 20141001 20141029 20141126 20150520 20150617 20150715 20150812 20150909,20140917 20141015 20141112 20141210 20150114 20150211 20150311 20150408 20150506 20150603 20150701 20150729 20150826 20150923,月,20140910 20140924 20141008 20141022 20141105 20141119 20141203 20141217 20150107 20150121 20150204 20150218 20150304 20150318 20150401 20150415 20150429 20150513 20150527 20150610 20150624 20150708 20150722 20150805 20150819 20150902 20150916 20150930,木
白石区 南郷通1丁目～14丁目（南北）,札幌センター1,火 金,20140903 20141001 20141029 20141126 20150520 20150617 20150715 20150812 20150909,20140917 20141015 20141112 20141210 20150114 20150211 20150311 20150408 20150506 20150603 20150701 20150729 20150826 20150923,月,20140910 20140924 20141008 20141022 20141105 20141119 20141203 20141217 20150107 20150121 20150204 20150218 20150304 20150318 20150401 20150415 20150429 20150513 20150527 20150610 20150624 20150708 20150722 20150805 20150819 20150902 20150916 20150930,木
白石区 栄通1丁目～14丁目,札幌センター1,火 金,20140903 20141001 20141029 20141126 20150520 20150617 20150715 20150812 20150909,20140917 20141015 20141112 20141210 20150114 20150211 20150311 20150408 20150506 20150603 20150701 20150729 20150826 20150923,月,20140910 20140924 20141008 20141022 20141105 20141119 20141203 20141217 20150107 20150121 20150204 20150218 20150304 20150318 20150401 20150415 20150429 20150513 20150527 20150610 20150624 20150708 20150722 20150805 20150819 20150902 20150916 20150930,木
白石区 北郷○条○丁目、○番地,札幌センター1,火 金,20140901 20140929 20141027 20141124 20150518 20150615 20150713 20150810 20150907,20140915 20141013 20141110 20141208 20150112 20150209 20150309 20150406 20150504 20150601 20150629 20150727 20150824 20150921,木,20140908 20140922 20141006 20141020 20141103 20141117 20141201 20141215 20141229 20150119 20150202 20150216 20150302 20150316 20150330 20150413 20150427 20150511 20150525 20150608 20150622 20150706 20150720 20150803 20150817 20150831 20150914 20150928,水
白石区 川北○条○丁目、○番地,札幌センター1,火 金,20140901 20140929 20141027 20141124 20150518 20150615 20150713 20150810 20150907,20140915 20141013 20141110 20141208 20150112 20150209 20150309 20150406 20150504 20150601 20150629 20150727 20150824 20150921,木,20140908 20140922 20141006 20141020 20141103 20141117 20141201 20141215 20141229 20150119 20150202 20150216 20150302 20150316 20150330 20150413 20150427 20150511 20150525 20150608 20150622 20150706 20150720 20150803 20150817 20150831 20150914 20150928,水
白石区 川下○条○丁目、○番地,札幌センター1,火 金,20140901 20140929 20141027 20141124 20150518 20150615 20150713 20150810 20150907,20140915 20141013 20141110 20141208 20150112 20150209 20150309 20150406 20150504 20150601 20150629 20150727 20150824 20150921,木,20140908 20140922 20141006 20141020 20141103 20141117 20141201 20141215 20141229 20150119 20150202 20150216 20150302 20150316 20150330 20150413 20150427 20150511 20150525 20150608 20150622 20150706 20150720 20150803 20150817 20150831 20150914 20150928,水
白石区 菊水元町○条○丁目,札幌センター1,火 金,20140901 20140929 20141027 20141124 20150518 20150615 20150713 20150810 20150907,20140915 20141013 20141110 20141208 20150112 20150209 20150309 20150406 20150504 20150601 20150629 20150727 20150824 20150921,木,20140908 20140922 20141006 20141020 20141103 20141117 20141201 20141215 20141229 20150119 20150202 20150216 20150302 20150316 20150330 20150413 20150427 20150511 20150525 20150608 20150622 20150706 20150720 20150803 20150817 20150831 20150914 20150928,水
白石区 東米里○番地,札幌センター1,火 金,20140901 20140929 20141027 20141124 20150518 20150615 20150713 20150810 20150907,20140915 20141013 20141110 20141208 20150112 20150209 20150309 20150406 20150504 20150601 20150629 20150727 20150824 20150921,木,20140908 20140922 20141006 20141020 20141103 20141117 20141201 20141215 20141229 20150119 20150202 20150216 20150302 20150316 20150330 20150413 20150427 20150511 20150525 20150608 20150622 20150706 20150720 20150803 20150817 20150831 20150914 20150928,水
白石区 米里○条○丁目,札幌センター1,火 金,20140901 20140929 20141027 20141124 20150518 20150615 20150713 20150810 20150907,20140915 20141013 20141110 20141208 20150112 20150209 20150309 20150406 20150504 20150601 20150629 20150727 20150824 20150921,木,20140908 20140922 20141006 20141020 20141103 20141117 20141201 20141215 20141229 20150119 20150202 20150216 20150302 20150316 20150330 20150413 20150427 20150511 20150525 20150608 20150622 20150706 20150720 20150803 20150817 20150831 20150914 20150928,水
白石区 東札幌○条○丁目,札幌センター1,火 金,20140904 20141002 20141030 20141127 20150521 20150618 20150716 20150813 20150910,20140918 20141016 20141113 20141211 20150115 20150212 20150312 20150409 20150507 20150604 20150702 20150730 20150827 20150924,水,20140911 20140925 20141009 20141023 20141106 20141120 20141204 20141218 20150108 20150122 20150205 20150219 20150305 20150319 20150402 20150416 20150430 20150514 20150528 20150611 20150625 20150709 20150723 20150806 20150820 20150903 20150917,月
白石区 菊水○条○丁目,札幌センター1,火 金,20140904 20141002 20141030 20141127 20150521 20150618 20150716 20150813 20150910,20140918 20141016 20141113 20141211 20150115 20150212 20150312 20150409 20150507 20150604 20150702 20150730 20150827 20150924,水,20140911 20140925 20141009 20141023 20141106 20141120 20141204 20141218 20150108 20150122 20150205 20150219 20150305 20150319 20150402 20150416 20150430 20150514 20150528 20150611 20150625 20150709 20150723 20150806 20150820 20150903 20150917,月
白石区 菊水上町○条○丁目,札幌センター1,火 金,20140904 20141002 20141030 20141127 20150521 20150618 20150716 20150813 20150910,20140918 20141016 20141113 20141211 20150115 20150212 20150312 20150409 20150507 20150604 20150702 20150730 20150827 20150924,水,20140911 20140925 20141009 20141023 20141106 20141120 20141204 20141218 20150108 20150122 20150205 20150219 20150305 20150319 20150402 20150416 20150430 20150514 20150528 20150611 20150625 20150709 20150723 20150806 20150820 20150903 20150917,月
白石区 本通15丁目～21丁目（南北）,札幌センター1,月 木,20140903 20141001 20141029 20141126 20150520 20150617 20150715 20150812 20150909,20140917 20141015 20141112 20141210 20150114 20150211 20150311 20150408 20150506 20150603 20150701 20150729 20150826 20150923,金,20140910 20140924 20141008 20141022 20141105 20141119 20141203 20141217 20150107 20150121 20150204 20150218 20150304 20150318 20150401 20150415 20150429 20150513 20150527 20150610 20150624 20150708 20150722 20150805 20150819 20150902 20150916 20150930,火
白石区 平和通15丁目～17丁目（南北）,札幌センター1,月 木,20140903 20141001 20141029 20141126 20150520 20150617 20150715 20150812 20150909,20140917 20141015 20141112 20141210 20150114 20150211 20150311 20150408 20150506 20150603 20150701 20150729 20150826 20150923,金,20140910 20140924 20141008 20141022 20141105 20141119 20141203 20141217 20150107 20150121 20150204 20150218 20150304 20150318 20150401 20150415 20150429 20150513 20150527 20150610 20150624 20150708 20150722 20150805 20150819 20150902 20150916 20150930,火
白石区 南郷通15丁目～21丁目（南北）,札幌センター1,月 木,20140903 20141001 20141029 20141126 20150520 20150617 20150715 20150812 20150909,20140917 20141015 20141112 20141210 20150114 20150211 20150311 20150408 20150506 20150603 20150701 20150729 20150826 20150923,金,20140910 20140924 20141008 20141022 20141105 20141119 20141203 20141217 20150107 20150121 20150204 20150218 20150304 20150318 20150401 20150415 20150429 20150513 20150527 20150610 20150624 20150708 20150722 20150805 20150819 20150902 20150916 20150930,火
白石区 栄通15丁目～21丁目,札幌センター1,月 木,20140903 20141001 20141029 20141126 20150520 20150617 20150715 20150812 20150909,20140917 20141015 20141112 20141210 20150114 20150211 20150311 20150408 20150506 20150603 20150701 20150729 20150826 20150923,金,20140910 20140924 20141008 20141022 20141105 20141119 20141203 20141217 20150107 20150121 20150204 20150218 20150304 20150318 20150401 20150415 20150429 20150513 20150527 20150610 20150624 20150708 20150722 20150805 20150819 20150902 20150916 20150930,火
白石区 流通センター1丁目～7丁目,札幌センター1,月 木,20140903 20141001 20141029 20141126 20150520 20150617 20150715 20150812 20150909,20140917 20141015 20141112 20141210 20150114 20150211 20150311 20150408 20150506 20150603 20150701 20150729 20150826 20150923,金,20140910 20140924 20141008 20141022 20141105 20141119 20141203 20141217 20150107 20150121 20150204 20150218 20150304 20150318 20150401 20150415 20150429 20150513 20150527 20150610 20150624 20150708 20150722 20150805 20150819 20150902 20150916 20150930,火
厚別区 厚別西○条○丁目、○番地,札幌センター1,月 木,20140905 20141003 20141031 20141128 20150522 20150619 20150717 20150814 20150911,20140919 20141017 20141114 20141212 20150116 20150213 20150313 20150410 20150508 20150605 20150703 20150731 20150828 20150925,火,20140912 20140926 20141010 20141024 20141107 20141121 20141205 20141219 20150109 20150123 20150206 20150220 20150306 20150320 20150403 20150417 20150501 20150515 20150529 20150612 20150626 20150710 20150724 20150807 20150821 20150904 20150918,水
厚別区 厚別北○条○丁目,札幌センター1,月 木,20140905 20141003 20141031 20141128 20150522 20150619 20150717 20150814 20150911,20140919 20141017 20141114 20141212 20150116 20150213 20150313 20150410 20150508 20150605 20150703 20150731 20150828 20150925,火,20140912 20140926 20141010 20141024 20141107 20141121 20141205 20141219 20150109 20150123 20150206 20150220 20150306 20150320 20150403 20150417 20150501 20150515 20150529 20150612 20150626 20150710 20150724 20150807 20150821 20150904 20150918,水
厚別区 厚別町山本○番地,札幌センター1,月 木,20140905 20141003 20141031 20141128 20150522 20150619 20150717 20150814 20150911,20140919 20141017 20141114 20141212 20150116 20150213 20150313 20150410 20150508 20150605 20150703 20150731 20150828 20150925,火,20140912 20140926 20141010 20141024 20141107 20141121 20141205 20141219 20150109 20150123 20150206 20150220 20150306 20150320 20150403 20150417 20150501 20150515 20150529 20150612 20150626 20150710 20150724 20150807 20150821 20150904 20150918,水
厚別区 厚別町小野幌○番地（JR函館本線の北側）,札幌センター1,月 木,20140905 20141003 20141031 20141128 20150522 20150619 20150717 20150814 20150911,20140919 20141017 20141114 20141212 20150116 20150213 20150313 20150410 20150508 20150605 20150703 20150731 20150828 20150925,火,20140912 20140926 20141010 20141024 20141107 20141121 20141205 20141219 20150109 20150123 20150206 20150220 20150306 20150320 20150403 20150417 20150501 20150515 20150529 20150612 20150626 20150710 20150724 20150807 20150821 20150904 20150918,水
厚別区 厚別西○条○丁目、○番地,札幌センター1,月 木,20140903 20141001 20141029 20141126 20150520 20150617 20150715 20150812 20150909,20140917 20141015 20141112 20141210 20150114 20150211 20150311 20150408 20150506 20150603 20150701 20150729 20150826 20150923,火,20140910 20140924 20141008 20141022 20141105 20141119 20141203 20141217 20150107 20150121 20150204 20150218 20150304 20150318 20150401 20150415 20150429 20150513 20150527 20150610 20150624 20150708 20150722 20150805 20150819 20150902 20150916 20150930,金
厚別区 厚別中央2条～5条の○丁目,札幌センター1,月 木,20140903 20141001 20141029 20141126 20150520 20150617 20150715 20150812 20150909,20140917 20141015 20141112 20141210 20150114 20150211 20150311 20150408 20150506 20150603 20150701 20150729 20150826 20150923,火,20140910 20140924 20141008 20141022 20141105 20141119 20141203 20141217 20150107 20150121 20150204 20150218 20150304 20150318 20150401 20150415 20150429 20150513 20150527 20150610 20150624 20150708 20150722 20150805 20150819 20150902 20150916 20150930,金
厚別区 青葉町11丁目・12丁目、14丁目～16丁目,札幌センター1,月 木,20140903 20141001 20141029 20141126 20150520 20150617 20150715 20150812 20150909,20140917 20141015 20141112 20141210 20150114 20150211 20150311 20150408 20150506 20150603 20150701 20150729 20150826 20150923,火,20140910 20140924 20141008 20141022 20141105 20141119 20141203 20141217 20150107 20150121 20150204 20150218 20150304 20150318 20150401 20150415 20150429 20150513 20150527 20150610 20150624 20150708 20150722 20150805 20150819 20150902 20150916 20150930,金
厚別区 厚別南○丁目,札幌センター1,月 木,20140903 20141001 20141029 20141126 20150520 20150617 20150715 20150812 20150909,20140917 20141015 20141112 20141210 20150114 20150211 20150311 20150408 20150506 20150603 20150701 20150729 20150826 20150923,金,20140910 20140924 20141008 20141022 20141105 20141119 20141203 20141217 20150107 20150121 20150204 20150218 20150304 20150318 20150401 20150415 20150429 20150513 20150527 20150610 20150624 20150708 20150722 20150805 20150819 20150902 20150916 20150930,火
厚別区 上野幌○条○丁目,札幌センター1,月 木,20140903 20141001 20141029 20141126 20150520 20150617 20150715 20150812 20150909,20140917 20141015 20141112 20141210 20150114 20150211 20150311 20150408 20150506 20150603 20150701 20150729 20150826 20150923,金,20140910 20140924 20141008 20141022 20141105 20141119 20141203 20141217 20150107 20150121 20150204 20150218 20150304 20150318 20150401 20150415 20150429 20150513 20150527 20150610 20150624 20150708 20150722 20150805 20150819 20150902 20150916 20150930,火
厚別区 厚別町上野幌○番地,札幌センター1,月 木,20140903 20141001 20141029 20141126 20150520 20150617 20150715 20150812 20150909,20140917 20141015 20141112 20141210 20150114 20150211 20150311 20150408 20150506 20150603 20150701 20150729 20150826 20150923,金,20140910 20140924 20141008 20141022 20141105 20141119 20141203 20141217 20150107 20150121 20150204 20150218 20150304 20150318 20150401 20150415 20150429 20150513 20150527 20150610 20150624 20150708 20150722 20150805 20150819 20150902 20150916 20150930,火
厚別区 大谷地西○丁目、東○丁目,札幌センター1,月 木,20140903 20141001 20141029 20141126 20150520 20150617 20150715 20150812 20150909,20140917 20141015 20141112 20141210 20150114 20150211 20150311 20150408 20150506 20150603 20150701 20150729 20150826 20150923,金,20140910 20140924 20141008 20141022 20141105 20141119 20141203 20141217 20150107 20150121 20150204 20150218 20150304 20150318 20150401 20150415 20150429 20150513 20150527 20150610 20150624 20150708 20150722 20150805 20150819 20150902 20150916 20150930,火
厚別区 青葉町1丁目～10丁目、13丁目,札幌センター1,月 木,20140903 20141001 20141029 20141126 20150520 20150617 20150715 20150812 20150909,20140917 20141015 20141112 20141210 20150114 20150211 20150311 20150408 20150506 20150603 20150701 20150729 20150826 20150923,金,20140910 20140924 20141008 20141022 20141105 20141119 20141203 20141217 20150107 20150121 20150204 20150218 20150304 20150318 20150401 20150415 20150429 20150513 20150527 20150610 20150624 20150708 20150722 20150805 20150819 20150902 20150916 20150930,火
厚別区 厚別中央1条5丁目・6丁目,札幌センター1,月 木,20140903 20141001 20141029 20141126 20150520 20150617 20150715 20150812 20150909,20140917 20141015 20141112 20141210 20150114 20150211 20150311 20150408 20150506 20150603 20150701 20150729 20150826 20150923,金,20140910 20140924 20141008 20141022 20141105 20141119 20141203 20141217 20150107 20150121 20150204 20150218 20150304 20150318 20150401 20150415 20150429 20150513 20150527 20150610 20150624 20150708 20150722 20150805 20150819 20150902 20150916 20150930,火
厚別区 厚別東○条○丁目,札幌センター1,月 木,20140902 20140930 20141028 20141125 20150519 20150616 20150714 20150811 20150908,20140916 20141014 20141111 20141209 20150113 20150210 20150310 20150407 20150505 20150602 20150630 20150728 20150825 20150922,水,20140909 20140923 20141007 20141021 20141104 20141118 20141202 20141216 20141230 20150120 20150203 20150217 20150303 20150317 20150331 20150414 20150428 20150512 20150526 20150609 20150623 20150707 20150721 20150804 20150818 20150901 20150915 20150929,金
厚別区 厚別町下野幌○番地,札幌センター1,月 木,20140902 20140930 20141028 20141125 20150519 20150616 20150714 20150811 20150908,20140916 20141014 20141111 20141209 20150113 20150210 20150310 20150407 20150505 20150602 20150630 20150728 20150825 20150922,水,20140909 20140923 20141007 20141021 20141104 20141118 20141202 20141216 20141230 20150120 20150203 20150217 20150303 20150317 20150331 20150414 20150428 20150512 20150526 20150609 20150623 20150707 20150721 20150804 20150818 20150901 20150915 20150929,金
厚別区 もみじ台東・西・南・北の○丁目,札幌センター1,月 木,20140902 20140930 20141028 20141125 20150519 20150616 20150714 20150811 20150908,20140916 20141014 20141111 20141209 20150113 20150210 20150310 20150407 20150505 20150602 20150630 20150728 20150825 20150922,水,20140909 20140923 20141007 20141021 20141104 20141118 20141202 20141216 20141230 20150120 20150203 20150217 20150303 20150317 20150331 20150414 20150428 20150512 20150526 20150609 20150623 20150707 20150721 20150804 20150818 20150901 20150915 20150929,金
厚別区 厚別町小野幌○番地（JR函館本線の南側）,札幌センター1,月 木,20140902 20140930 20141028 20141125 20150519 20150616 20150714 20150811 20150908,20140916 20141014 20141111 20141209 20150113 20150210 20150310 20150407 20150505 20150602 20150630 20150728 20150825 20150922,水,20140909 20140923 20141007 20141021 20141104 20141118 20141202 20141216 20141230 20150120 20150203 20150217 20150303 20150317 20150331 20150414 20150428 20150512 20150526 20150609 20150623 20150707 20150721 20150804 20150818 20150901 20150915 20150929,金
厚別区 下野幌テクノパーク○丁目,札幌センター1,月 木,20140902 20140930 20141028 20141125 20150519 20150616 20150714 20150811 20150908,20140916 20141014 20141111 20141209 20150113 20150210 20150310 20150407 20150505 20150602 20150630 20150728 20150825 20150922,水,20140909 20140923 20141007 20141021 20141104 20141118 20141202 20141216 20141230 20150120 20150203 20150217 20150303 20150317 20150331 20150414 20150428 20150512 20150526 20150609 20150623 20150707 20150721 20150804 20150818 20150901 20150915 20150929,金
豊平区 豊平○条○丁目,札幌センター1,火 金,20140922 20141020 20141117 20150511 20150608 20150706 20150803 20150831 20150928,20140908 20141006 20141103 20141201 20141229 20150202 20150302 20150330 20150427 20150525 20150622 20150720 20150817 20150914,水,20140901 20140915 20140929 20141013 20141027 20141110 20141124 20141208 20141222 20150112 20150126 20150209 20150223 20150309 20150323 20150406 20150420 20150504 20150518 20150601 20150615 20150629 20150713 20150727 20150810 20150824 20150907 20150921,木
豊平区 旭町○丁目,札幌センター1,火 金,20140922 20141020 20141117 20150511 20150608 20150706 20150803 20150831 20150928,20140908 20141006 20141103 20141201 20141229 20150202 20150302 20150330 20150427 20150525 20150622 20150720 20150817 20150914,水,20140901 20140915 20140929 20141013 20141027 20141110 20141124 20141208 20141222 20150112 20150126 20150209 20150223 20150309 20150323 20150406 20150420 20150504 20150518 20150601 20150615 20150629 20150713 20150727 20150810 20150824 20150907 20150921,木
豊平区 水車町○丁目,札幌センター1,火 金,20140922 20141020 20141117 20150511 20150608 20150706 20150803 20150831 20150928,20140908 20141006 20141103 20141201 20141229 20150202 20150302 20150330 20150427 20150525 20150622 20150720 20150817 20150914,水,20140901 20140915 20140929 20141013 20141027 20141110 20141124 20141208 20141222 20150112 20150126 20150209 20150223 20150309 20150323 20150406 20150420 20150504 20150518 20150601 20150615 20150629 20150713 20150727 20150810 20150824 20150907 20150921,木
豊平区 中の島○条○丁目,札幌センター1,火 金,20140924 20141022 20141119 20150513 20150610 20150708 20150805 20150902 20150930,20140910 20141008 20141105 20141203 20150107 20150204 20150304 20150401 20150429 20150527 20150624 20150722 20150819 20150916,木,20140903 20140917 20141001 20141015 20141029 20141112 20141126 20141210 20141224 20150114 20150128 20150211 20150225 20150311 20150325 20150408 20150422 20150506 20150520 20150603 20150617 20150701 20150715 20150729 20150812 20150826 20150909 20150923,月
豊平区 平岸○条○丁目,札幌センター1,火 金,20140924 20141022 20141119 20150513 20150610 20150708 20150805 20150902 20150930,20140910 20141008 20141105 20141203 20150107 20150204 20150304 20150401 20150429 20150527 20150624 20150722 20150819 20150916,木,20140903 20140917 20141001 20141015 20141029 20141112 20141126 20141210 20141224 20150114 20150128 20150211 20150225 20150311 20150325 20150408 20150422 20150506 20150520 20150603 20150617 20150701 20150715 20150729 20150812 20150826 20150909 20150923,月
豊平区 美園○条○丁目,札幌センター1,火 金,20140924 20141022 20141119 20150513 20150610 20150708 20150805 20150902 20150930,20140910 20141008 20141105 20141203 20150107 20150204 20150304 20150401 20150429 20150527 20150624 20150722 20150819 20150916,木,20140903 20140917 20141001 20141015 20141029 20141112 20141126 20141210 20141224 20150114 20150128 20150211 20150225 20150311 20150325 20150408 20150422 20150506 20150520 20150603 20150617 20150701 20150715 20150729 20150812 20150826 20150909 20150923,月
豊平区 月寒西1条2丁目1番（望月寒川沿いのみ）,札幌センター1,火 金,20140924 20141022 20141119 20150513 20150610 20150708 20150805 20150902 20150930,20140910 20141008 20141105 20141203 20150107 20150204 20150304 20150401 20150429 20150527 20150624 20150722 20150819 20150916,木,20140903 20140917 20141001 20141015 20141029 20141112 20141126 20141210 20141224 20150114 20150128 20150211 20150225 20150311 20150325 20150408 20150422 20150506 20150520 20150603 20150617 20150701 20150715 20150729 20150812 20150826 20150909 20150923,月
豊平区 月寒西2条4丁目1番,札幌センター1,火 金,20140924 20141022 20141119 20150513 20150610 20150708 20150805 20150902 20150930,20140910 20141008 20141105 20141203 20150107 20150204 20150304 20150401 20150429 20150527 20150624 20150722 20150819 20150916,木,20140903 20140917 20141001 20141015 20141029 20141112 20141126 20141210 20141224 20150114 20150128 20150211 20150225 20150311 20150325 20150408 20150422 20150506 20150520 20150603 20150617 20150701 20150715 20150729 20150812 20150826 20150909 20150923,月
豊平区 月寒中央通1丁目1番（望月寒川沿いのみ）,札幌センター1,火 金,20140924 20141022 20141119 20150513 20150610 20150708 20150805 20150902 20150930,20140910 20141008 20141105 20141203 20150107 20150204 20150304 20150401 20150429 20150527 20150624 20150722 20150819 20150916,木,20140903 20140917 20141001 20141015 20141029 20141112 20141126 20141210 20141224 20150114 20150128 20150211 20150225 20150311 20150325 20150408 20150422 20150506 20150520 20150603 20150617 20150701 20150715 20150729 20150812 20150826 20150909 20150923,月
豊平区 西岡○条○丁目、○番地,札幌センター1,火 金,20140925 20141023 20141120 20150514 20150611 20150709 20150806 20150903,20140911 20141009 20141106 20141204 20150108 20150205 20150305 20150402 20150430 20150528 20150625 20150723 20150820 20150917,月,20140904 20140918 20141002 20141016 20141030 20141113 20141127 20141211 20141225 20150115 20150129 20150212 20150226 20150312 20150326 20150409 20150423 20150507 20150521 20150604 20150618 20150702 20150716 20150730 20150813 20150827 20150910 20150924,水
豊平区 福住○条○丁目,札幌センター1,火 金,20140925 20141023 20141120 20150514 20150611 20150709 20150806 20150903,20140911 20141009 20141106 20141204 20150108 20150205 20150305 20150402 20150430 20150528 20150625 20150723 20150820 20150917,月,20140904 20140918 20141002 20141016 20141030 20141113 20141127 20141211 20141225 20150115 20150129 20150212 20150226 20150312 20150326 20150409 20150423 20150507 20150521 20150604 20150618 20150702 20150716 20150730 20150813 20150827 20150910 20150924,水
豊平区 羊ヶ丘（森林総合研究所公務員宿舎のみ）,札幌センター1,火 金,20140925 20141023 20141120 20150514 20150611 20150709 20150806 20150903,20140911 20141009 20141106 20141204 20150108 20150205 20150305 20150402 20150430 20150528 20150625 20150723 20150820 20150917,月,20140904 20140918 20141002 20141016 20141030 20141113 20141127 20141211 20141225 20150115 20150129 20150212 20150226 20150312 20150326 20150409 20150423 20150507 20150521 20150604 20150618 20150702 20150716 20150730 20150813 20150827 20150910 20150924,水
豊平区 月寒東○条○丁目,札幌センター1,月 木,20140923 20141021 20141118 20150512 20150609 20150707 20150804 20150901 20150929,20140909 20141007 20141104 20141202 20141230 20150203 20150303 20150331 20150428 20150526 20150623 20150721 20150818 20150915,金,20140902 20140916 20140930 20141014 20141028 20141111 20141125 20141209 20141223 20150113 20150127 20150210 20150224 20150310 20150324 20150407 20150421 20150505 20150519 20150602 20150616 20150630 20150714 20150728 20150811 20150825 20150908 20150922,水
豊平区 月寒西○条○丁目（月寒西1条2丁目1番の望月寒川沿い・月寒西2条4丁目1番を除く）,札幌センター1,月 木,20140923 20141021 20141118 20150512 20150609 20150707 20150804 20150901 20150929,20140909 20141007 20141104 20141202 20141230 20150203 20150303 20150331 20150428 20150526 20150623 20150721 20150818 20150915,金,20140902 20140916 20140930 20141014 20141028 20141111 20141125 20141209 20141223 20150113 20150127 20150210 20150224 20150310 20150324 20150407 20150421 20150505 20150519 20150602 20150616 20150630 20150714 20150728 20150811 20150825 20150908 20150922,水
豊平区 月寒中央通○丁目（月寒中央通1丁目1番の望月寒川沿いを除く）,札幌センター1,月 木,20140923 20141021 20141118 20150512 20150609 20150707 20150804 20150901 20150929,20140909 20141007 20141104 20141202 20141230 20150203 20150303 20150331 20150428 20150526 20150623 20150721 20150818 20150915,金,20140902 20140916 20140930 20141014 20141028 20141111 20141125 20141209 20141223 20150113 20150127 20150210 20150224 20150310 20150324 20150407 20150421 20150505 20150519 20150602 20150616 20150630 20150714 20150728 20150811 20150825 20150908 20150922,水
豊平区 羊ヶ丘（北海道農業研修センター宿舎・動物衛生研究所宿舎のみ）,札幌センター1,月 木,20140923 20141021 20141118 20150512 20150609 20150707 20150804 20150901 20150929,20140909 20141007 20141104 20141202 20141230 20150203 20150303 20150331 20150428 20150526 20150623 20150721 20150818 20150915,金,20140902 20140916 20140930 20141014 20141028 20141111 20141125 20141209 20141223 20150113 20150127 20150210 20150224 20150310 20150324 20150407 20150421 20150505 20150519 20150602 20150616 20150630 20150714 20150728 20150811 20150825 20150908 20150922,水
清田区 北野○条○丁目,札幌センター1,月 木,20140924 20141022 20141119 20150513 20150610 20150708 20150805 20150902 20150930,20140910 20141008 20141105 20141203 20150107 20150204 20150304 20150401 20150429 20150527 20150624 20150722 20150819 20150916,火,20140903 20140917 20141001 20141015 20141029 20141112 20141126 20141210 20141224 20150114 20150128 20150211 20150225 20150311 20150325 20150408 20150422 20150506 20150520 20150603 20150617 20150701 20150715 20150729 20150812 20150826 20150909 20150923,金
清田区 清田○条○丁目、○番地,札幌センター1,月 木,20140924 20141022 20141119 20150513 20150610 20150708 20150805 20150902 20150930,20140910 20141008 20141105 20141203 20150107 20150204 20150304 20150401 20150429 20150527 20150624 20150722 20150819 20150916,火,20140903 20140917 20141001 20141015 20141029 20141112 20141126 20141210 20141224 20150114 20150128 20150211 20150225 20150311 20150325 20150408 20150422 20150506 20150520 20150603 20150617 20150701 20150715 20150729 20150812 20150826 20150909 20150923,金
清田区 真栄○条○丁目、○番地,札幌センター1,月 木,20140924 20141022 20141119 20150513 20150610 20150708 20150805 20150902 20150930,20140910 20141008 20141105 20141203 20150107 20150204 20150304 20150401 20150429 20150527 20150624 20150722 20150819 20150916,火,20140903 20140917 20141001 20141015 20141029 20141112 20141126 20141210 20141224 20150114 20150128 20150211 20150225 20150311 20150325 20150408 20150422 20150506 20150520 20150603 20150617 20150701 20150715 20150729 20150812 20150826 20150909 20150923,金
清田区 有明○番地,札幌センター1,月 木,20140924 20141022 20141119 20150513 20150610 20150708 20150805 20150902 20150930,20140910 20141008 20141105 20141203 20150107 20150204 20150304 20150401 20150429 20150527 20150624 20150722 20150819 20150916,火,20140903 20140917 20141001 20141015 20141029 20141112 20141126 20141210 20141224 20150114 20150128 20150211 20150225 20150311 20150325 20150408 20150422 20150506 20150520 20150603 20150617 20150701 20150715 20150729 20150812 20150826 20150909 20150923,金
清田区 美しが丘1条～3条の1丁目・2丁目,札幌センター1,月 木,20140924 20141022 20141119 20150513 20150610 20150708 20150805 20150902 20150930,20140910 20141008 20141105 20141203 20150107 20150204 20150304 20150401 20150429 20150527 20150624 20150722 20150819 20150916,火,20140903 20140917 20141001 20141015 20141029 20141112 20141126 20141210 20141224 20150114 20150128 20150211 20150225 20150311 20150325 20150408 20150422 20150506 20150520 20150603 20150617 20150701 20150715 20150729 20150812 20150826 20150909 20150923,金
清田区 美しが丘3条3丁目1番・2番,札幌センター1,月 木,20140924 20141022 20141119 20150513 20150610 20150708 20150805 20150902 20150930,20140910 20141008 20141105 20141203 20150107 20150204 20150304 20150401 20150429 20150527 20150624 20150722 20150819 20150916,火,20140903 20140917 20141001 20141015 20141029 20141112 20141126 20141210 20141224 20150114 20150128 20150211 20150225 20150311 20150325 20150408 20150422 20150506 20150520 20150603 20150617 20150701 20150715 20150729 20150812 20150826 20150909 20150923,金
清田区 平岡○条○丁目,札幌センター1,月 木,20140926 20141024 20141121 20150515 20150612 20150710 20150807 20150904,20140912 20141010 20141107 20141205 20150109 20150206 20150306 20150403 20150501 20150529 20150626 20150724 20150821 20150918,水,20140905 20140919 20141003 20141017 20141031 20141114 20141128 20141212 20141226 20150116 20150130 20150213 20150227 20150313 20150327 20150410 20150424 20150508 20150522 20150605 20150619 20150703 20150717 20150731 20150814 20150828 20150911 20150925,火
清田区 平岡公園東○丁目,札幌センター1,月 木,20140926 20141024 20141121 20150515 20150612 20150710 20150807 20150904,20140912 20141010 20141107 20141205 20150109 20150206 20150306 20150403 20150501 20150529 20150626 20150724 20150821 20150918,水,20140905 20140919 20141003 20141017 20141031 20141114 20141128 20141212 20141226 20150116 20150130 20150213 20150227 20150313 20150327 20150410 20150424 20150508 20150522 20150605 20150619 20150703 20150717 20150731 20150814 20150828 20150911 20150925,火
清田区 里塚○条○丁目、○番地,札幌センター1,月 木,20140926 20141024 20141121 20150515 20150612 20150710 20150807 20150904,20140912 20141010 20141107 20141205 20150109 20150206 20150306 20150403 20150501 20150529 20150626 20150724 20150821 20150918,水,20140905 20140919 20141003 20141017 20141031 20141114 20141128 20141212 20141226 20150116 20150130 20150213 20150227 20150313 20150327 20150410 20150424 20150508 20150522 20150605 20150619 20150703 20150717 20150731 20150814 20150828 20150911 20150925,火
清田区 里塚緑ヶ丘○丁目,札幌センター1,月 木,20140926 20141024 20141121 20150515 20150612 20150710 20150807 20150904,20140912 20141010 20141107 20141205 20150109 20150206 20150306 20150403 20150501 20150529 20150626 20150724 20150821 20150918,水,20140905 20140919 20141003 20141017 20141031 20141114 20141128 20141212 20141226 20150116 20150130 20150213 20150227 20150313 20150327 20150410 20150424 20150508 20150522 20150605 20150619 20150703 20150717 20150731 20150814 20150828 20150911 20150925,火
清田区 美しが丘1条～3条の3丁目～10丁目（美しが丘3条3丁目1番・2番を除く）,札幌センター1,月 木,20140926 20141024 20141121 20150515 20150612 20150710 20150807 20150904,20140912 20141010 20141107 20141205 20150109 20150206 20150306 20150403 20150501 20150529 20150626 20150724 20150821 20150918,水,20140905 20140919 20141003 20141017 20141031 20141114 20141128 20141212 20141226 20150116 20150130 20150213 20150227 20150313 20150327 20150410 20150424 20150508 20150522 20150605 20150619 20150703 20150717 20150731 20150814 20150828 20150911 20150925,火
清田区 美しが丘4条・5条の○丁目,札幌センター1,月 木,20140926 20141024 20141121 20150515 20150612 20150710 20150807 20150904,20140912 20141010 20141107 20141205 20150109 20150206 20150306 20150403 20150501 20150529 20150626 20150724 20150821 20150918,水,20140905 20140919 20141003 20141017 20141031 20141114 20141128 20141212 20141226 20150116 20150130 20150213 20150227 20150313 20150327 20150410 20150424 20150508 20150522 20150605 20150619 20150703 20150717 20150731 20150814 20150828 20150911 20150925,火
南区 澄川2条4丁目（12番～14番）・5丁目,札幌センター1,月 木,20140919 20141017 20141114 20150508 20150605 20150703 20150731 20150828 20150925,20140905 20141003 20141031 20141128 20141226 20150130 20150227 20150327 20150424 20150522 20150619 20150717 20150814 20150911,火,20140912 20140926 20141010 20141024 20141107 20141121 20141205 20141219 20150109 20150123 20150206 20150220 20150306 20150320 20150403 20150417 20150501 20150515 20150529 20150612 20150626 20150710 20150724 20150807 20150821 20150904 20150918,水
南区 澄川3条4丁目（7番）・5丁目・6丁目,札幌センター1,月 木,20140919 20141017 20141114 20150508 20150605 20150703 20150731 20150828 20150925,20140905 20141003 20141031 20141128 20141226 20150130 20150227 20150327 20150424 20150522 20150619 20150717 20150814 20150911,火,20140912 20140926 20141010 20141024 20141107 20141121 20141205 20141219 20150109 20150123 20150206 20150220 20150306 20150320 20150403 20150417 20150501 20150515 20150529 20150612 20150626 20150710 20150724 20150807 20150821 20150904 20150918,水
南区 澄川4条4丁目（1番18号～27号、2番～11番）・5丁目～12丁目,札幌センター1,月 木,20140919 20141017 20141114 20150508 20150605 20150703 20150731 20150828 20150925,20140905 20141003 20141031 20141128 20141226 20150130 20150227 20150327 20150424 20150522 20150619 20150717 20150814 20150911,火,20140912 20140926 20141010 20141024 20141107 20141121 20141205 20141219 20150109 20150123 20150206 20150220 20150306 20150320 20150403 20150417 20150501 20150515 20150529 20150612 20150626 20150710 20150724 20150807 20150821 20150904 20150918,水
南区 澄川5条4丁目（1番・7番～9番）・5丁目（1番～9番）,札幌センター1,月 木,20140919 20141017 20141114 20150508 20150605 20150703 20150731 20150828 20150925,20140905 20141003 20141031 20141128 20141226 20150130 20150227 20150327 20150424 20150522 20150619 20150717 20150814 20150911,火,20140912 20140926 20141010 20141024 20141107 20141121 20141205 20141219 20150109 20150123 20150206 20150220 20150306 20150320 20150403 20150417 20150501 20150515 20150529 20150612 20150626 20150710 20150724 20150807 20150821 20150904 20150918,水
南区 澄川5条6丁目（1番～8番）・7丁目～13丁目,札幌センター1,月 木,20140919 20141017 20141114 20150508 20150605 20150703 20150731 20150828 20150925,20140905 20141003 20141031 20141128 20141226 20150130 20150227 20150327 20150424 20150522 20150619 20150717 20150814 20150911,火,20140912 20140926 20141010 20141024 20141107 20141121 20141205 20141219 20150109 20150123 20150206 20150220 20150306 20150320 20150403 20150417 20150501 20150515 20150529 20150612 20150626 20150710 20150724 20150807 20150821 20150904 20150918,水
南区 澄川6条7丁目～13丁目,札幌センター1,月 木,20140919 20141017 20141114 20150508 20150605 20150703 20150731 20150828 20150925,20140905 20141003 20141031 20141128 20141226 20150130 20150227 20150327 20150424 20150522 20150619 20150717 20150814 20150911,火,20140912 20140926 20141010 20141024 20141107 20141121 20141205 20141219 20150109 20150123 20150206 20150220 20150306 20150320 20150403 20150417 20150501 20150515 20150529 20150612 20150626 20150710 20150724 20150807 20150821 20150904 20150918,水
南区 澄川○番地,札幌センター1,月 木,20140919 20141017 20141114 20150508 20150605 20150703 20150731 20150828 20150925,20140905 20141003 20141031 20141128 20141226 20150130 20150227 20150327 20150424 20150522 20150619 20150717 20150814 20150911,火,20140912 20140926 20141010 20141024 20141107 20141121 20141205 20141219 20150109 20150123 20150206 20150220 20150306 20150320 20150403 20150417 20150501 20150515 20150529 20150612 20150626 20150710 20150724 20150807 20150821 20150904 20150918,水
南区 真駒内柏丘・東町・幸町・泉町・南町の○丁目,札幌センター1,月 木,20140919 20141017 20141114 20150508 20150605 20150703 20150731 20150828 20150925,20140905 20141003 20141031 20141128 20141226 20150130 20150227 20150327 20150424 20150522 20150619 20150717 20150814 20150911,火,20140912 20140926 20141010 20141024 20141107 20141121 20141205 20141219 20150109 20150123 20150206 20150220 20150306 20150320 20150403 20150417 20150501 20150515 20150529 20150612 20150626 20150710 20150724 20150807 20150821 20150904 20150918,水
南区 石山○条○丁目、○番地（石山1条1丁目12-6パレス藻南公園を除く）,札幌センター1,月 木,20140916 20141014 20141111 20141209 20150505 20150602 20150630 20150728 20150825 20150922,20140902 20140930 20141028 20141125 20141223 20150127 20150224 20150324 20150421 20150519 20150616 20150714 20150811 20150908,水,20140909 20140923 20141007 20141021 20141104 20141118 20141202 20141216 20141230 20150120 20150203 20150217 20150303 20150317 20150331 20150414 20150428 20150512 20150526 20150609 20150623 20150707 20150721 20150804 20150818 20150901 20150915 20150929,金
南区 石山東○丁目,札幌センター1,月 木,20140916 20141014 20141111 20141209 20150505 20150602 20150630 20150728 20150825 20150922,20140902 20140930 20141028 20141125 20141223 20150127 20150224 20150324 20150421 20150519 20150616 20150714 20150811 20150908,水,20140909 20140923 20141007 20141021 20141104 20141118 20141202 20141216 20141230 20150120 20150203 20150217 20150303 20150317 20150331 20150414 20150428 20150512 20150526 20150609 20150623 20150707 20150721 20150804 20150818 20150901 20150915 20150929,金
南区 常盤○条○丁目、○番地,札幌センター1,月 木,20140916 20141014 20141111 20141209 20150505 20150602 20150630 20150728 20150825 20150922,20140902 20140930 20141028 20141125 20141223 20150127 20150224 20150324 20150421 20150519 20150616 20150714 20150811 20150908,水,20140909 20140923 20141007 20141021 20141104 20141118 20141202 20141216 20141230 20150120 20150203 20150217 20150303 20150317 20150331 20150414 20150428 20150512 20150526 20150609 20150623 20150707 20150721 20150804 20150818 20150901 20150915 20150929,金
南区 滝野○番地,札幌センター1,月 木,20140916 20141014 20141111 20141209 20150505 20150602 20150630 20150728 20150825 20150922,20140902 20140930 20141028 20141125 20141223 20150127 20150224 20150324 20150421 20150519 20150616 20150714 20150811 20150908,水,20140909 20140923 20141007 20141021 20141104 20141118 20141202 20141216 20141230 20150120 20150203 20150217 20150303 20150317 20150331 20150414 20150428 20150512 20150526 20150609 20150623 20150707 20150721 20150804 20150818 20150901 20150915 20150929,金
南区 真駒内○番地（自衛隊真駒内駐屯地を除く）,札幌センター1,月 木,20140916 20141014 20141111 20141209 20150505 20150602 20150630 20150728 20150825 20150922,20140902 20140930 20141028 20141125 20141223 20150127 20150224 20150324 20150421 20150519 20150616 20150714 20150811 20150908,水,20140909 20140923 20141007 20141021 20141104 20141118 20141202 20141216 20141230 20150120 20150203 20150217 20150303 20150317 20150331 20150414 20150428 20150512 20150526 20150609 20150623 20150707 20150721 20150804 20150818 20150901 20150915 20150929,金
南区 芸術の森○丁目,札幌センター1,月 木,20140916 20141014 20141111 20141209 20150505 20150602 20150630 20150728 20150825 20150922,20140902 20140930 20141028 20141125 20141223 20150127 20150224 20150324 20150421 20150519 20150616 20150714 20150811 20150908,水,20140909 20140923 20141007 20141021 20141104 20141118 20141202 20141216 20141230 20150120 20150203 20150217 20150303 20150317 20150331 20150414 20150428 20150512 20150526 20150609 20150623 20150707 20150721 20150804 20150818 20150901 20150915 20150929,金
南区 藤野○条○丁目、○番地,札幌センター1,月 木,20140917 20141015 20141112 20141210 20150506 20150603 20150701 20150729 20150826 20150923,20140903 20141001 20141029 20141126 20141224 20150128 20150225 20150325 20150422 20150520 20150617 20150715 20150812 20150909,金,20140910 20140924 20141008 20141022 20141105 20141119 20141203 20141217 20150107 20150121 20150204 20150218 20150304 20150318 20150401 20150415 20150429 20150513 20150527 20150610 20150624 20150708 20150722 20150805 20150819 20150902 20150916 20150930,火
南区 白川○番地,札幌センター1,月 木,20140917 20141015 20141112 20141210 20150506 20150603 20150701 20150729 20150826 20150923,20140903 20141001 20141029 20141126 20141224 20150128 20150225 20150325 20150422 20150520 20150617 20150715 20150812 20150909,金,20140910 20140924 20141008 20141022 20141105 20141119 20141203 20141217 20150107 20150121 20150204 20150218 20150304 20150318 20150401 20150415 20150429 20150513 20150527 20150610 20150624 20150708 20150722 20150805 20150819 20150902 20150916 20150930,火
南区 簾舞○条○丁目、○番地,札幌センター1,月 木,20140917 20141015 20141112 20141210 20150506 20150603 20150701 20150729 20150826 20150923,20140903 20141001 20141029 20141126 20141224 20150128 20150225 20150325 20150422 20150520 20150617 20150715 20150812 20150909,金,20140910 20140924 20141008 20141022 20141105 20141119 20141203 20141217 20150107 20150121 20150204 20150218 20150304 20150318 20150401 20150415 20150429 20150513 20150527 20150610 20150624 20150708 20150722 20150805 20150819 20150902 20150916 20150930,火
南区 砥山○番地,札幌センター1,月 木,20140917 20141015 20141112 20141210 20150506 20150603 20150701 20150729 20150826 20150923,20140903 20141001 20141029 20141126 20141224 20150128 20150225 20150325 20150422 20150520 20150617 20150715 20150812 20150909,金,20140910 20140924 20141008 20141022 20141105 20141119 20141203 20141217 20150107 20150121 20150204 20150218 20150304 20150318 20150401 20150415 20150429 20150513 20150527 20150610 20150624 20150708 20150722 20150805 20150819 20150902 20150916 20150930,火
南区 豊滝○番地,札幌センター1,月 木,20140917 20141015 20141112 20141210 20150506 20150603 20150701 20150729 20150826 20150923,20140903 20141001 20141029 20141126 20141224 20150128 20150225 20150325 20150422 20150520 20150617 20150715 20150812 20150909,金,20140910 20140924 20141008 20141022 20141105 20141119 20141203 20141217 20150107 20150121 20150204 20150218 20150304 20150318 20150401 20150415 20150429 20150513 20150527 20150610 20150624 20150708 20150722 20150805 20150819 20150902 20150916 20150930,火
南区 硬石山○番地,札幌センター1,月 木,20140917 20141015 20141112 20141210 20150506 20150603 20150701 20150729 20150826 20150923,20140903 20141001 20141029 20141126 20141224 20150128 20150225 20150325 20150422 20150520 20150617 20150715 20150812 20150909,金,20140910 20140924 20141008 20141022 20141105 20141119 20141203 20141217 20150107 20150121 20150204 20150218 20150304 20150318 20150401 20150415 20150429 20150513 20150527 20150610 20150624 20150708 20150722 20150805 20150819 20150902 20150916 20150930,火
南区 小金湯○番地,札幌センター1,月 木,20140917 20141015 20141112 20141210 20150506 20150603 20150701 20150729 20150826 20150923,20140903 20141001 20141029 20141126 20141224 20150128 20150225 20150325 20150422 20150520 20150617 20150715 20150812 20150909,金,20140910 20140924 20141008 20141022 20141105 20141119 20141203 20141217 20150107 20150121 20150204 20150218 20150304 20150318 20150401 20150415 20150429 20150513 20150527 20150610 20150624 20150708 20150722 20150805 20150819 20150902 20150916 20150930,火
南区 定山渓温泉西・東の○丁目,札幌センター1,月 木,20140917 20141015 20141112 20141210 20150506 20150603 20150701 20150729 20150826 20150923,20140903 20141001 20141029 20141126 20141224 20150128 20150225 20150325 20150422 20150520 20150617 20150715 20150812 20150909,金,20140910 20140924 20141008 20141022 20141105 20141119 20141203 20141217 20150107 20150121 20150204 20150218 20150304 20150318 20150401 20150415 20150429 20150513 20150527 20150610 20150624 20150708 20150722 20150805 20150819 20150902 20150916 20150930,火
南区 定山渓○番地,札幌センター1,月 木,20140917 20141015 20141112 20141210 20150506 20150603 20150701 20150729 20150826 20150923,20140903 20141001 20141029 20141126 20141224 20150128 20150225 20150325 20150422 20150520 20150617 20150715 20150812 20150909,金,20140910 20140924 20141008 20141022 20141105 20141119 20141203 20141217 20150107 20150121 20150204 20150218 20150304 20150318 20150401 20150415 20150429 20150513 20150527 20150610 20150624 20150708 20150722 20150805 20150819 20150902 20150916 20150930,火
南区 澄川1条1丁目～4丁目,札幌センター1,火 金,20140915 20141013 20141110 20141208 20150504 20150601 20150629 20150727 20150824 20150921,20140901 20140929 20141027 20141124 20141222 20150126 20150223 20150323 20150420 20150518 20150615 20150713 20150810 20150907,木,20140908 20140922 20141006 20141020 20141103 20141117 20141201 20141215 20141229 20150119 20150202 20150216 20150302 20150316 20150330 20150413 20150427 20150511 20150525 20150608 20150622 20150706 20150720 20150803 20150817 20150831 20150914 20150928,水
南区 澄川2条1丁目～3丁目・4丁目（1番～11番）,札幌センター1,火 金,20140915 20141013 20141110 20141208 20150504 20150601 20150629 20150727 20150824 20150921,20140901 20140929 20141027 20141124 20141222 20150126 20150223 20150323 20150420 20150518 20150615 20150713 20150810 20150907,木,20140908 20140922 20141006 20141020 20141103 20141117 20141201 20141215 20141229 20150119 20150202 20150216 20150302 20150316 20150330 20150413 20150427 20150511 20150525 20150608 20150622 20150706 20150720 20150803 20150817 20150831 20150914 20150928,水
南区 澄川3条1丁目～3丁目・4丁目（1番～6番）,札幌センター1,火 金,20140915 20141013 20141110 20141208 20150504 20150601 20150629 20150727 20150824 20150921,20140901 20140929 20141027 20141124 20141222 20150126 20150223 20150323 20150420 20150518 20150615 20150713 20150810 20150907,木,20140908 20140922 20141006 20141020 20141103 20141117 20141201 20141215 20141229 20150119 20150202 20150216 20150302 20150316 20150330 20150413 20150427 20150511 20150525 20150608 20150622 20150706 20150720 20150803 20150817 20150831 20150914 20150928,水
南区 澄川4条1丁目～3丁目・4丁目（1番1号～17号）,札幌センター1,火 金,20140915 20141013 20141110 20141208 20150504 20150601 20150629 20150727 20150824 20150921,20140901 20140929 20141027 20141124 20141222 20150126 20150223 20150323 20150420 20150518 20150615 20150713 20150810 20150907,木,20140908 20140922 20141006 20141020 20141103 20141117 20141201 20141215 20141229 20150119 20150202 20150216 20150302 20150316 20150330 20150413 20150427 20150511 20150525 20150608 20150622 20150706 20150720 20150803 20150817 20150831 20150914 20150928,水
南区 澄川5条3丁目・4丁目（2番～6番）,札幌センター1,火 金,20140915 20141013 20141110 20141208 20150504 20150601 20150629 20150727 20150824 20150921,20140901 20140929 20141027 20141124 20141222 20150126 20150223 20150323 20150420 20150518 20150615 20150713 20150810 20150907,木,20140908 20140922 20141006 20141020 20141103 20141117 20141201 20141215 20141229 20150119 20150202 20150216 20150302 20150316 20150330 20150413 20150427 20150511 20150525 20150608 20150622 20150706 20150720 20150803 20150817 20150831 20150914 20150928,水
南区 澄川5条5丁目（10番～19番）・6丁目（9番～14番）,札幌センター1,火 金,20140915 20141013 20141110 20141208 20150504 20150601 20150629 20150727 20150824 20150921,20140901 20140929 20141027 20141124 20141222 20150126 20150223 20150323 20150420 20150518 20150615 20150713 20150810 20150907,木,20140908 20140922 20141006 20141020 20141103 20141117 20141201 20141215 20141229 20150119 20150202 20150216 20150302 20150316 20150330 20150413 20150427 20150511 20150525 20150608 20150622 20150706 20150720 20150803 20150817 20150831 20150914 20150928,水
南区 澄川6条3丁目～6丁目,札幌センター1,火 金,20140915 20141013 20141110 20141208 20150504 20150601 20150629 20150727 20150824 20150921,20140901 20140929 20141027 20141124 20141222 20150126 20150223 20150323 20150420 20150518 20150615 20150713 20150810 20150907,木,20140908 20140922 20141006 20141020 20141103 20141117 20141201 20141215 20141229 20150119 20150202 20150216 20150302 20150316 20150330 20150413 20150427 20150511 20150525 20150608 20150622 20150706 20150720 20150803 20150817 20150831 20150914 20150928,水
南区 真駒内本町・曙町・上町・緑町の○丁目,札幌センター1,火 金,20140915 20141013 20141110 20141208 20150504 20150601 20150629 20150727 20150824 20150921,20140901 20140929 20141027 20141124 20141222 20150126 20150223 20150323 20150420 20150518 20150615 20150713 20150810 20150907,木,20140908 20140922 20141006 20141020 20141103 20141117 20141201 20141215 20141229 20150119 20150202 20150216 20150302 20150316 20150330 20150413 20150427 20150511 20150525 20150608 20150622 20150706 20150720 20150803 20150817 20150831 20150914 20150928,水
南区 真駒内○番地（自衛隊真駒内駐屯地のみ）,札幌センター1,火 金,20140915 20141013 20141110 20141208 20150504 20150601 20150629 20150727 20150824 20150921,20140901 20140929 20141027 20141124 20141222 20150126 20150223 20150323 20150420 20150518 20150615 20150713 20150810 20150907,木,20140908 20140922 20141006 20141020 20141103 20141117 20141201 20141215 20141229 20150119 20150202 20150216 20150302 20150316 20150330 20150413 20150427 20150511 20150525 20150608 20150622 20150706 20150720 20150803 20150817 20150831 20150914 20150928,水
南区 南30条～39条の西○丁目,札幌センター1,火 金,20140918 20141016 20141113 20150507 20150604 20150702 20150730 20150827 20150924,20140904 20141002 20141030 20141127 20141225 20150129 20150226 20150326 20150423 20150521 20150618 20150716 20150813 20150910,月,20140911 20140925 20141009 20141023 20141106 20141120 20141204 20141218 20150108 20150122 20150205 20150219 20150305 20150319 20150402 20150416 20150430 20150514 20150528 20150611 20150625 20150709 20150723 20150806 20150820 20150903 20150917,水
南区 藻岩下○丁目、○番地,札幌センター1,火 金,20140918 20141016 20141113 20150507 20150604 20150702 20150730 20150827 20150924,20140904 20141002 20141030 20141127 20141225 20150129 20150226 20150326 20150423 20150521 20150618 20150716 20150813 20150910,月,20140911 20140925 20141009 20141023 20141106 20141120 20141204 20141218 20150108 20150122 20150205 20150219 20150305 20150319 20150402 20150416 20150430 20150514 20150528 20150611 20150625 20150709 20150723 20150806 20150820 20150903 20150917,水
南区 川沿1条～6条の○丁目,札幌センター1,火 金,20140918 20141016 20141113 20150507 20150604 20150702 20150730 20150827 20150924,20140904 20141002 20141030 20141127 20141225 20150129 20150226 20150326 20150423 20150521 20150618 20150716 20150813 20150910,月,20140911 20140925 20141009 20141023 20141106 20141120 20141204 20141218 20150108 20150122 20150205 20150219 20150305 20150319 20150402 20150416 20150430 20150514 20150528 20150611 20150625 20150709 20150723 20150806 20150820 20150903 20150917,水
南区 北ノ沢○丁目、○番地,札幌センター1,火 金,20140918 20141016 20141113 20150507 20150604 20150702 20150730 20150827 20150924,20140904 20141002 20141030 20141127 20141225 20150129 20150226 20150326 20150423 20150521 20150618 20150716 20150813 20150910,月,20140911 20140925 20141009 20141023 20141106 20141120 20141204 20141218 20150108 20150122 20150205 20150219 20150305 20150319 20150402 20150416 20150430 20150514 20150528 20150611 20150625 20150709 20150723 20150806 20150820 20150903 20150917,水
南区 中ノ沢○丁目、○番地,札幌センター1,火 金,20140918 20141016 20141113 20150507 20150604 20150702 20150730 20150827 20150924,20140904 20141002 20141030 20141127 20141225 20150129 20150226 20150326 20150423 20150521 20150618 20150716 20150813 20150910,月,20140911 20140925 20141009 20141023 20141106 20141120 20141204 20141218 20150108 20150122 20150205 20150219 20150305 20150319 20150402 20150416 20150430 20150514 20150528 20150611 20150625 20150709 20150723 20150806 20150820 20150903 20150917,水
南区 南沢○条○丁目、○番地（南沢1条3丁目1番（南沢やまどり公園）、20番、21番を除く）,札幌センター1,火 金,20140917 20141015 20141112 20141210 20150506 20150603 20150701 20150729 20150826 20150923,20140903 20141001 20141029 20141126 20141224 20150128 20150225 20150325 20150422 20150520 20150617 20150715 20150812 20150909,月,20140910 20140924 20141008 20141022 20141105 20141119 20141203 20141217 20150107 20150121 20150204 20150218 20150304 20150318 20150401 20150415 20150429 20150513 20150527 20150610 20150624 20150708 20150722 20150805 20150819 20150902 20150916 20150930,木
南区 川沿7条～18条の○丁目,札幌センター1,火 金,20140918 20141016 20141113 20150507 20150604 20150702 20150730 20150827 20150924,20140904 20141002 20141030 20141127 20141225 20150129 20150226 20150326 20150423 20150521 20150618 20150716 20150813 20150910,水,20140911 20140925 20141009 20141023 20141106 20141120 20141204 20141218 20150108 20150122 20150205 20150219 20150305 20150319 20150402 20150416 20150430 20150514 20150528 20150611 20150625 20150709 20150723 20150806 20150820 20150903 20150917,月
南区 南沢1条3丁目1番（南沢やまどり公園）、20番、21番,札幌センター1,火 金,20140918 20141016 20141113 20150507 20150604 20150702 20150730 20150827 20150924,20140904 20141002 20141030 20141127 20141225 20150129 20150226 20150326 20150423 20150521 20150618 20150716 20150813 20150910,水,20140911 20140925 20141009 20141023 20141106 20141120 20141204 20141218 20150108 20150122 20150205 20150219 20150305 20150319 20150402 20150416 20150430 20150514 20150528 20150611 20150625 20150709 20150723 20150806 20150820 20150903 20150917,月
南区 石山1条1丁目（12番6号パレス藻南公園のみ）,札幌センター1,火 金,20140918 20141016 20141113 20150507 20150604 20150702 20150730 20150827 20150924,20140904 20141002 20141030 20141127 20141225 20150129 20150226 20150326 20150423 20150521 20150618 20150716 20150813 20150910,水,20140911 20140925 20141009 20141023 20141106 20141120 20141204 20141218 20150108 20150122 20150205 20150219 20150305 20150319 20150402 20150416 20150430 20150514 20150528 20150611 20150625 20150709 20150723 20150806 20150820 20150903 20150917,月
西区 琴似○条○丁目,札幌センター1,月 木,20140919 20141017 20141114 20150508 20150605 20150703 20150731 20150828 20150925,20140905 20141003 20141031 20141128 20141226 20150130 20150227 20150327 20150424 20150522 20150619 20150717 20150814 20150911,火,20140912 20140926 20141010 20141024 20141107 20141121 20141205 20141219 20150109 20150123 20150206 20150220 20150306 20150320 20150403 20150417 20150501 20150515 20150529 20150612 20150626 20150710 20150724 20150807 20150821 20150904 20150918,水
西区 二十四軒○条○丁目,札幌センター1,月 木,20140919 20141017 20141114 20150508 20150605 20150703 20150731 20150828 20150925,20140905 20141003 20141031 20141128 20141226 20150130 20150227 20150327 20150424 20150522 20150619 20150717 20150814 20150911,火,20140912 20140926 20141010 20141024 20141107 20141121 20141205 20141219 20150109 20150123 20150206 20150220 20150306 20150320 20150403 20150417 20150501 20150515 20150529 20150612 20150626 20150710 20150724 20150807 20150821 20150904 20150918,水
西区 発寒○条○丁目,札幌センター1,月 木,20140919 20141017 20141114 20150508 20150605 20150703 20150731 20150828 20150925,20140905 20141003 20141031 20141128 20141226 20150130 20150227 20150327 20150424 20150522 20150619 20150717 20150814 20150911,火,20140912 20140926 20141010 20141024 20141107 20141121 20141205 20141219 20150109 20150123 20150206 20150220 20150306 20150320 20150403 20150417 20150501 20150515 20150529 20150612 20150626 20150710 20150724 20150807 20150821 20150904 20150918,水
西区 山の手○条○丁目、○番地,札幌センター1,月 木,20140916 20141014 20141111 20141209 20150505 20150602 20150630 20150728 20150825 20150922,20140902 20140930 20141028 20141125 20141223 20150127 20150224 20150324 20150421 20150519 20150616 20150714 20150811 20150908,水,20140909 20140923 20141007 20141021 20141104 20141118 20141202 20141216 20141230 20150120 20150203 20150217 20150303 20150317 20150331 20150414 20150428 20150512 20150526 20150609 20150623 20150707 20150721 20150804 20150818 20150901 20150915 20150929,金
西区 西野6条～14条の○丁目,札幌センター1,月 木,20140916 20141014 20141111 20141209 20150505 20150602 20150630 20150728 20150825 20150922,20140902 20140930 20141028 20141125 20141223 20150127 20150224 20150324 20150421 20150519 20150616 20150714 20150811 20150908,水,20140909 20140923 20141007 20141021 20141104 20141118 20141202 20141216 20141230 20150120 20150203 20150217 20150303 20150317 20150331 20150414 20150428 20150512 20150526 20150609 20150623 20150707 20150721 20150804 20150818 20150901 20150915 20150929,金
西区 西野○番地,札幌センター1,月 木,20140916 20141014 20141111 20141209 20150505 20150602 20150630 20150728 20150825 20150922,20140902 20140930 20141028 20141125 20141223 20150127 20150224 20150324 20150421 20150519 20150616 20150714 20150811 20150908,水,20140909 20140923 20141007 20141021 20141104 20141118 20141202 20141216 20141230 20150120 20150203 20150217 20150303 20150317 20150331 20150414 20150428 20150512 20150526 20150609 20150623 20150707 20150721 20150804 20150818 20150901 20150915 20150929,金
西区 平和○条○丁目、○番地,札幌センター1,月 木,20140916 20141014 20141111 20141209 20150505 20150602 20150630 20150728 20150825 20150922,20140902 20140930 20141028 20141125 20141223 20150127 20150224 20150324 20150421 20150519 20150616 20150714 20150811 20150908,水,20140909 20140923 20141007 20141021 20141104 20141118 20141202 20141216 20141230 20150120 20150203 20150217 20150303 20150317 20150331 20150414 20150428 20150512 20150526 20150609 20150623 20150707 20150721 20150804 20150818 20150901 20150915 20150929,金
西区 福井○丁目、○番地,札幌センター1,月 木,20140916 20141014 20141111 20141209 20150505 20150602 20150630 20150728 20150825 20150922,20140902 20140930 20141028 20141125 20141223 20150127 20150224 20150324 20150421 20150519 20150616 20150714 20150811 20150908,水,20140909 20140923 20141007 20141021 20141104 20141118 20141202 20141216 20141230 20150120 20150203 20150217 20150303 20150317 20150331 20150414 20150428 20150512 20150526 20150609 20150623 20150707 20150721 20150804 20150818 20150901 20150915 20150929,金
西区 小別沢○番地,札幌センター1,月 木,20140916 20141014 20141111 20141209 20150505 20150602 20150630 20150728 20150825 20150922,20140902 20140930 20141028 20141125 20141223 20150127 20150224 20150324 20150421 20150519 20150616 20150714 20150811 20150908,水,20140909 20140923 20141007 20141021 20141104 20141118 20141202 20141216 20141230 20150120 20150203 20150217 20150303 20150317 20150331 20150414 20150428 20150512 20150526 20150609 20150623 20150707 20150721 20150804 20150818 20150901 20150915 20150929,金
西区 西野1条～5条の○丁目,札幌センター1,月 木,20140917 20141015 20141112 20141210 20150506 20150603 20150701 20150729 20150826 20150923,20140903 20141001 20141029 20141126 20141224 20150128 20150225 20150325 20150422 20150520 20150617 20150715 20150812 20150909,金,20140910 20140924 20141008 20141022 20141105 20141119 20141203 20141217 20150107 20150121 20150204 20150218 20150304 20150318 20150401 20150415 20150429 20150513 20150527 20150610 20150624 20150708 20150722 20150805 20150819 20150902 20150916 20150930,火
西区 西町北○丁目、南○丁目,札幌センター1,月 木,20140917 20141015 20141112 20141210 20150506 20150603 20150701 20150729 20150826 20150923,20140903 20141001 20141029 20141126 20141224 20150128 20150225 20150325 20150422 20150520 20150617 20150715 20150812 20150909,金,20140910 20140924 20141008 20141022 20141105 20141119 20141203 20141217 20150107 20150121 20150204 20150218 20150304 20150318 20150401 20150415 20150429 20150513 20150527 20150610 20150624 20150708 20150722 20150805 20150819 20150902 20150916 20150930,火
西区 宮の沢○条○丁目、○番地,札幌センター1,月 木,20140917 20141015 20141112 20141210 20150506 20150603 20150701 20150729 20150826 20150923,20140903 20141001 20141029 20141126 20141224 20150128 20150225 20150325 20150422 20150520 20150617 20150715 20150812 20150909,金,20140910 20140924 20141008 20141022 20141105 20141119 20141203 20141217 20150107 20150121 20150204 20150218 20150304 20150318 20150401 20150415 20150429 20150513 20150527 20150610 20150624 20150708 20150722 20150805 20150819 20150902 20150916 20150930,火
西区 八軒○条西○丁目,札幌センター1,火 金,20140917 20141015 20141112 20141210 20150506 20150603 20150701 20150729 20150826 20150923,20140903 20141001 20141029 20141126 20141224 20150128 20150225 20150325 20150422 20150520 20150617 20150715 20150812 20150909,月,20140910 20140924 20141008 20141022 20141105 20141119 20141203 20141217 20150107 20150121 20150204 20150218 20150304 20150318 20150401 20150415 20150429 20150513 20150527 20150610 20150624 20150708 20150722 20150805 20150819 20150902 20150916 20150930,木
西区 八軒○条東○丁目,札幌センター1,火 金,20140917 20141015 20141112 20141210 20150506 20150603 20150701 20150729 20150826 20150923,20140903 20141001 20141029 20141126 20141224 20150128 20150225 20150325 20150422 20150520 20150617 20150715 20150812 20150909,月,20140910 20140924 20141008 20141022 20141105 20141119 20141203 20141217 20150107 20150121 20150204 20150218 20150304 20150318 20150401 20150415 20150429 20150513 20150527 20150610 20150624 20150708 20150722 20150805 20150819 20150902 20150916 20150930,木
手稲区 西宮の沢○条○丁目,札幌センター1,火 金,20140918 20141016 20141113 20150507 20150604 20150702 20150730 20150827 20150924,20140904 20141002 20141030 20141127 20141225 20150129 20150226 20150326 20150423 20150521 20150618 20150716 20150813 20150910,水,20140911 20140925 20141009 20141023 20141106 20141120 20141204 20141218 20150108 20150122 20150205 20150219 20150305 20150319 20150402 20150416 20150430 20150514 20150528 20150611 20150625 20150709 20150723 20150806 20150820 20150903 20150917,月
手稲区 富丘○条○丁目,札幌センター1,火 金,20140918 20141016 20141113 20150507 20150604 20150702 20150730 20150827 20150924,20140904 20141002 20141030 20141127 20141225 20150129 20150226 20150326 20150423 20150521 20150618 20150716 20150813 20150910,水,20140911 20140925 20141009 20141023 20141106 20141120 20141204 20141218 20150108 20150122 20150205 20150219 20150305 20150319 20150402 20150416 20150430 20150514 20150528 20150611 20150625 20150709 20150723 20150806 20150820 20150903 20150917,月
手稲区 手稲本町○条○丁目,札幌センター1,火 金,20140918 20141016 20141113 20150507 20150604 20150702 20150730 20150827 20150924,20140904 20141002 20141030 20141127 20141225 20150129 20150226 20150326 20150423 20150521 20150618 20150716 20150813 20150910,水,20140911 20140925 20141009 20141023 20141106 20141120 20141204 20141218 20150108 20150122 20150205 20150219 20150305 20150319 20150402 20150416 20150430 20150514 20150528 20150611 20150625 20150709 20150723 20150806 20150820 20150903 20150917,月
手稲区 手稲本町○番地,札幌センター1,火 金,20140918 20141016 20141113 20150507 20150604 20150702 20150730 20150827 20150924,20140904 20141002 20141030 20141127 20141225 20150129 20150226 20150326 20150423 20150521 20150618 20150716 20150813 20150910,水,20140911 20140925 20141009 20141023 20141106 20141120 20141204 20141218 20150108 20150122 20150205 20150219 20150305 20150319 20150402 20150416 20150430 20150514 20150528 20150611 20150625 20150709 20150723 20150806 20150820 20150903 20150917,月
手稲区 前田○条○丁目,札幌センター1,火 金,20140915 20141013 20141110 20141208 20150504 20150601 20150629 20150727 20150824 20150921,20140901 20140929 20141027 20141124 20141222 20150126 20150223 20150323 20150420 20150518 20150615 20150713 20150810 20150907,木,20140908 20140922 20141006 20141020 20141103 20141117 20141201 20141215 20141229 20150119 20150202 20150216 20150302 20150316 20150330 20150413 20150427 20150511 20150525 20150608 20150622 20150706 20150720 20150803 20150817 20150831 20150914 20150928,水
手稲区 曙○条○丁目（曙12条2丁目を除く）,札幌センター1,火 金,20140915 20141013 20141110 20141208 20150504 20150601 20150629 20150727 20150824 20150921,20140901 20140929 20141027 20141124 20141222 20150126 20150223 20150323 20150420 20150518 20150615 20150713 20150810 20150907,木,20140908 20140922 20141006 20141020 20141103 20141117 20141201 20141215 20141229 20150119 20150202 20150216 20150302 20150316 20150330 20150413 20150427 20150511 20150525 20150608 20150622 20150706 20150720 20150803 20150817 20150831 20150914 20150928,水
手稲区 新発寒○条○丁目,札幌センター1,火 金,20140915 20141013 20141110 20141208 20150504 20150601 20150629 20150727 20150824 20150921,20140901 20140929 20141027 20141124 20141222 20150126 20150223 20150323 20150420 20150518 20150615 20150713 20150810 20150907,木,20140908 20140922 20141006 20141020 20141103 20141117 20141201 20141215 20141229 20150119 20150202 20150216 20150302 20150316 20150330 20150413 20150427 20150511 20150525 20150608 20150622 20150706 20150720 20150803 20150817 20150831 20150914 20150928,水
手稲区 手稲前田○番地,札幌センター1,火 金,20140915 20141013 20141110 20141208 20150504 20150601 20150629 20150727 20150824 20150921,20140901 20140929 20141027 20141124 20141222 20150126 20150223 20150323 20150420 20150518 20150615 20150713 20150810 20150907,木,20140908 20140922 20141006 20141020 20141103 20141117 20141201 20141215 20141229 20150119 20150202 20150216 20150302 20150316 20150330 20150413 20150427 20150511 20150525 20150608 20150622 20150706 20150720 20150803 20150817 20150831 20150914 20150928,水
手稲区 稲穂○条○丁目,札幌センター1,火 金,20140917 20141015 20141112 20141210 20150506 20150603 20150701 20150729 20150826 20150923,20140903 20141001 20141029 20141126 20141224 20150128 20150225 20150325 20150422 20150520 20150617 20150715 20150812 20150909,木,20140910 20140924 20141008 20141022 20141105 20141119 20141203 20141217 20150107 20150121 20150204 20150218 20150304 20150318 20150401 20150415 20150429 20150513 20150527 20150610 20150624 20150708 20150722 20150805 20150819 20150902 20150916 20150930,月
手稲区 金山○条○丁目,札幌センター1,火 金,20140917 20141015 20141112 20141210 20150506 20150603 20150701 20150729 20150826 20150923,20140903 20141001 20141029 20141126 20141224 20150128 20150225 20150325 20150422 20150520 20150617 20150715 20150812 20150909,木,20140910 20140924 20141008 20141022 20141105 20141119 20141203 20141217 20150107 20150121 20150204 20150218 20150304 20150318 20150401 20150415 20150429 20150513 20150527 20150610 20150624 20150708 20150722 20150805 20150819 20150902 20150916 20150930,月
手稲区 手稲金山○番地,札幌センター1,火 金,20140917 20141015 20141112 20141210 20150506 20150603 20150701 20150729 20150826 20150923,20140903 20141001 20141029 20141126 20141224 20150128 20150225 20150325 20150422 20150520 20150617 20150715 20150812 20150909,木,20140910 20140924 20141008 20141022 20141105 20141119 20141203 20141217 20150107 20150121 20150204 20150218 20150304 20150318 20150401 20150415 20150429 20150513 20150527 20150610 20150624 20150708 20150722 20150805 20150819 20150902 20150916 20150930,月
手稲区 星置○条○丁目,札幌センター1,火 金,20140917 20141015 20141112 20141210 20150506 20150603 20150701 20150729 20150826 20150923,20140903 20141001 20141029 20141126 20141224 20150128 20150225 20150325 20150422 20150520 20150617 20150715 20150812 20150909,木,20140910 20140924 20141008 20141022 20141105 20141119 20141203 20141217 20150107 20150121 20150204 20150218 20150304 20150318 20150401 20150415 20150429 20150513 20150527 20150610 20150624 20150708 20150722 20150805 20150819 20150902 20150916 20150930,月
手稲区 星置南○丁目,札幌センター1,火 金,20140917 20141015 20141112 20141210 20150506 20150603 20150701 20150729 20150826 20150923,20140903 20141001 20141029 20141126 20141224 20150128 20150225 20150325 20150422 20150520 20150617 20150715 20150812 20150909,木,20140910 20140924 20141008 20141022 20141105 20141119 20141203 20141217 20150107 20150121 20150204 20150218 20150304 20150318 20150401 20150415 20150429 20150513 20150527 20150610 20150624 20150708 20150722 20150805 20150819 20150902 20150916 20150930,月
手稲区 手稲山口○番地,札幌センター1,火 金,20140917 20141015 20141112 20141210 20150506 20150603 20150701 20150729 20150826 20150923,20140903 20141001 20141029 20141126 20141224 20150128 20150225 20150325 20150422 20150520 20150617 20150715 20150812 20150909,木,20140910 20140924 20141008 20141022 20141105 20141119 20141203 20141217 20150107 20150121 20150204 20150218 20150304 20150318 20150401 20150415 20150429 20150513 20150527 20150610 20150624 20150708 20150722 20150805 20150819 20150902 20150916 20150930,月
手稲区 明日風○丁目,札幌センター1,火 金,20140917 20141015 20141112 20141210 20150506 20150603 20150701 20150729 20150826 20150923,20140903 20141001 20141029 20141126 20141224 20150128 20150225 20150325 20150422 20150520 20150617 20150715 20150812 20150909,木,20140910 20140924 20141008 20141022 20141105 20141119 20141203 20141217 20150107 20150121 20150204 20150218 20150304 20150318 20150401 20150415 20150429 20150513 20150527 20150610 20150624 20150708 20150722 20150805 20150819 20150902 20150916 20150930,月
手稲区 曙12条2丁目,札幌センター1,火 金,20140917 20141015 20141112 20141210 20150506 20150603 20150701 20150729 20150826 20150923,20140903 20141001 20141029 20141126 20141224 20150128 20150225 20150325 20150422 20150520 20150617 20150715 20150812 20150909,木,20140910 20140924 20141008 20141022 20141105 20141119 20141203 20141217 20150107 20150121 20150204 20150218 20150304 20150318 20150401 20150415 20150429 20150513 20150527 20150610 20150624 20150708 20150722 20150805 20150819 20150902 20150916 20150930,月
